0.000100	0.000293507707
0.000200	0.000777167827
0.000300	0.001449791138
0.000400	0.002314498871
0.000500	0.003368671605
0.000600	0.004608768971
0.000700	0.006036659756
0.000800	0.007653649696
0.000900	0.009456794659
0.001000	0.011442974645
0.001100	0.013615286707
0.001200	0.015974032146
0.001300	0.018518994030
0.001400	0.021249005845
0.001500	0.024165472894
0.001600	0.027267273342
0.001700	0.030553244408
0.001800	0.034024887894
0.001900	0.037678922550
0.002000	0.041517459008
0.002100	0.045539489695
0.002200	0.049744959072
0.002300	0.054134812425
0.002400	0.058708602380
0.002500	0.063465598419
0.002600	0.068402186023
0.002700	0.073521397774
0.002800	0.078823497628
0.002900	0.084306863813
0.003000	0.089974478852
0.003100	0.095828257238
0.003200	0.101865482560
0.003300	0.108084587331
0.003400	0.114484998441
0.003500	0.121069417438
0.003600	0.127839721536
0.003700	0.134792159387
0.003800	0.141926463242
0.003900	0.149242199855
0.004000	0.156741642512
0.004100	0.164423140444
0.004200	0.172284721280
0.004300	0.180325652391
0.004400	0.188544826320
0.004500	0.196946021360
0.004600	0.205521284634
0.004700	0.214279520667
0.004800	0.223217206924
0.004900	0.232334529219
0.005000	0.241631895778
0.005100	0.251115817209
0.005200	0.260779715479
0.005300	0.270624421120
0.005400	0.280646855661
0.005500	0.290846471568
0.005600	0.301226925700
0.005700	0.311782591805
0.005800	0.322513239509
0.005900	0.333419538959
0.006000	0.344504303536
0.006100	0.355769709446
0.006200	0.367217043325
0.006300	0.378845247008
0.006400	0.390650180683
0.006500	0.402628797383
0.006600	0.414789740741
0.006700	0.427124319093
0.006800	0.439630205692
0.006900	0.452308483852
0.007000	0.465163897973
0.007100	0.478195320968
0.007200	0.491400962821
0.007300	0.504779108044
0.007400	0.518334023858
0.007500	0.532061871513
0.007600	0.545964706412
0.007700	0.560043709358
0.007800	0.574301651767
0.007900	0.588734027275
0.008000	0.603339735193
0.008100	0.618121283675
0.008200	0.633076644356
0.008300	0.648205853889
0.008400	0.663507881378
0.008500	0.678985010050
0.008600	0.694629094236
0.008700	0.710442868850
0.008800	0.726426302834
0.008900	0.742579026351
0.009000	0.758904985637
0.009100	0.775396660810
0.009200	0.792060701540
0.009300	0.808895701943
0.009400	0.825897955941
0.009500	0.843074940503
0.009600	0.860424830437
0.009700	0.877948599533
0.009800	0.895634951991
0.009900	0.913496279521
0.010000	0.931521839380
0.010100	0.949715254052
0.010200	0.968075569869
0.010300	0.986602612722
0.010400	1.005292707335
0.010500	1.024152269934
0.010600	1.043181305348
0.010700	1.062381524076
0.010800	1.081752287312
0.010900	1.101282263315
0.011000	1.120985195812
0.011100	1.140852856362
0.011200	1.160891157606
0.011300	1.181097106579
0.011400	1.201470039502
0.011500	1.222015486543
0.011600	1.242727830037
0.011700	1.263598997912
0.011800	1.284631052486
0.011900	1.305831461821
0.012000	1.327195653142
0.012100	1.348734119257
0.012200	1.370437248102
0.012300	1.392304242088
0.012400	1.414329151519
0.012500	1.436504169757
0.012600	1.458849585157
0.012700	1.481350832304
0.012800	1.504003973378
0.012900	1.526823317701
0.013000	1.549808584684
0.013100	1.572959537401
0.013200	1.596277588816
0.013300	1.619760634485
0.013400	1.643403832055
0.013500	1.667210177109
0.013600	1.691182507653
0.013700	1.715317297227
0.013800	1.739615050676
0.013900	1.764084876810
0.014000	1.788712979900
0.014100	1.813494863717
0.014200	1.838430106009
0.014300	1.863532828453
0.014400	1.888788886877
0.014500	1.914211108773
0.014600	1.939803169764
0.014700	1.965556220002
0.014800	1.991471569585
0.014900	2.017542368421
0.015000	2.043765999249
0.015100	2.070148042049
0.015200	2.096680083964
0.015300	2.123366939344
0.015400	2.150208371410
0.015500	2.177209444677
0.015600	2.204361074638
0.015700	2.231680828238
0.015800	2.259150699006
0.015900	2.286774915247
0.016000	2.314550313878
0.016100	2.342483129420
0.016200	2.370577909755
0.016300	2.398819621600
0.016400	2.427212542539
0.016500	2.455761423605
0.016600	2.484459022897
0.016700	2.513309806177
0.016800	2.542329522305
0.016900	2.571500546279
0.017000	2.600830763113
0.017100	2.630319356787
0.017200	2.659962087420
0.017300	2.689766387205
0.017400	2.719708229233
0.017500	2.749808020212
0.017600	2.780062171409
0.017700	2.810467128803
0.017800	2.841030021672
0.017900	2.871762832712
0.018000	2.902661217108
0.018100	2.933702067735
0.018200	2.964898824703
0.018300	2.996248740843
0.018400	3.027751431246
0.018500	3.059410997713
0.018600	3.091227604789
0.018700	3.123199347660
0.018800	3.155320756218
0.018900	3.187581279107
0.019000	3.219995980338
0.019100	3.252554923899
0.019200	3.285262448049
0.019300	3.318114332211
0.019400	3.351122206474
0.019500	3.384295715076
0.019600	3.417612719564
0.019700	3.451080645348
0.019800	3.484690454516
0.019900	3.518450191472
0.020000	3.552346197051
0.020100	3.586376648217
0.020200	3.620556784404
0.020300	3.654885760128
0.020400	3.689366837668
0.020500	3.724001594246
0.020600	3.758784459895
0.020700	3.793737857350
0.020800	3.828843281421
0.020900	3.864107595194
0.021000	3.899513794920
0.021100	3.935083376877
0.021200	3.970779178561
0.021300	4.006627499671
0.021400	4.042627719552
0.021500	4.078768758452
0.021600	4.115063514915
0.021700	4.151527203442
0.021800	4.188139317684
0.021900	4.224907828350
0.022000	4.261833132714
0.022100	4.298909955150
0.022200	4.336146344426
0.022300	4.373535216409
0.022400	4.411074310136
0.022500	4.448756539973
0.022600	4.486597056128
0.022700	4.524594002561
0.022800	4.562744477556
0.022900	4.601041233895
0.023000	4.639469305444
0.023100	4.678051702607
0.023200	4.716770495847
0.023300	4.755639455650
0.023400	4.794653402632
0.023500	4.833837115618
0.023600	4.873151686974
0.023700	4.912601756491
0.023800	4.952195233891
0.023900	4.991960745902
0.024000	5.031867164659
0.024100	5.071932512538
0.024200	5.112161443624
0.024300	5.152505404470
0.024400	5.193023016681
0.024500	5.233701908031
0.024600	5.274528122408
0.024700	5.315505799418
0.024800	5.356644509605
0.024900	5.397927780638
0.025000	5.439344320483
0.025100	5.480891005284
0.025200	5.522601209822
0.025300	5.564458662612
0.025400	5.606482602833
0.025500	5.648657096585
0.025600	5.690975799093
0.025700	5.733444639142
0.025800	5.776054712865
0.025900	5.818796078905
0.026000	5.861681338186
0.026100	5.904702914397
0.026200	5.947856868378
0.026300	5.991163959373
0.026400	6.034605779337
0.026500	6.078184031506
0.026600	6.121891770726
0.026700	6.165735955723
0.026800	6.209711492675
0.026900	6.253814925904
0.027000	6.298074110877
0.027100	6.342492152872
0.027200	6.387069152818
0.027300	6.431785616198
0.027400	6.476622253632
0.027500	6.521594214776
0.027600	6.566727591322
0.027700	6.611996356701
0.027800	6.657390820726
0.027900	6.702913872467
0.028000	6.748590464195
0.028100	6.794396492081
0.028200	6.840329004471
0.028300	6.886363919502
0.028400	6.932540588353
0.028500	6.978853636472
0.028600	7.025325507053
0.028700	7.071938408640
0.028800	7.118706441914
0.028900	7.165619644375
0.029000	7.212681647441
0.029100	7.259883843951
0.029200	7.307199669530
0.029300	7.354641988095
0.029400	7.402238063722
0.029500	7.449975700349
0.029600	7.497860465560
0.029700	7.545871062788
0.029800	7.594053996156
0.029900	7.642350779749
0.030000	7.690784162742
0.030100	7.739315766499
0.030200	7.787961701527
0.030300	7.836758483053
0.030400	7.885665178253
0.030500	7.934703617413
0.030600	7.983880250571
0.030700	8.033199854951
0.030800	8.082648985244
0.030900	8.132213330564
0.031000	8.181903501704
0.031100	8.231733653315
0.031200	8.281724366209
0.031300	8.331872118832
0.031400	8.382145131675
0.031500	8.432553971931
0.031600	8.483101578963
0.031700	8.533778982853
0.031800	8.584603039624
0.031900	8.635547414403
0.032000	8.686603675316
0.032100	8.737810436729
0.032200	8.789145644903
0.032300	8.840617478332
0.032400	8.892217030418
0.032500	8.943945772395
0.032600	8.995778235268
0.032700	9.047729866328
0.032800	9.099816955293
0.032900	9.152002292145
0.033000	9.204314110986
0.033100	9.256768402086
0.033200	9.309331490120
0.033300	9.362037970544
0.033400	9.414906739440
0.033500	9.467899050282
0.033600	9.521031284815
0.033700	9.574338094267
0.033800	9.627752997523
0.033900	9.681275773477
0.034000	9.734916916474
0.034100	9.788688361662
0.034200	9.842555396175
0.034300	9.896553569498
0.034400	9.950679830935
0.034500	10.004919472226
0.034600	10.059229782909
0.034700	10.113668519220
0.034800	10.168223803369
0.034900	10.222851481655
0.035000	10.277604249546
0.035100	10.332456642289
0.035200	10.387437773381
0.035300	10.442530152584
0.035400	10.497770216017
0.035500	10.553170092083
0.035600	10.608653877586
0.035700	10.664253358631
0.035800	10.719986974678
0.035900	10.775801604828
0.036000	10.831711464676
0.036100	10.887736300161
0.036200	10.943873541064
0.036300	11.000140870663
0.036400	11.056556858592
0.036500	11.113093588120
0.036600	11.169722561301
0.036700	11.226459655474
0.036800	11.283313053978
0.036900	11.340281888404
0.037000	11.397359107872
0.037100	11.454559410382
0.037200	11.511870345191
0.037300	11.569333406899
0.037400	11.626921620832
0.037500	11.684611038649
0.037600	11.742388113668
0.037700	11.800302592582
0.037800	11.858367380789
0.037900	11.916560510326
0.038000	11.974873522563
0.038100	12.033279116657
0.038200	12.091786254239
0.038300	12.150412639974
0.038400	12.209123291717
0.038500	12.267975898558
0.038600	12.326973353900
0.038700	12.386085171628
0.038800	12.445329275438
0.038900	12.504731803353
0.039000	12.564248858943
0.039100	12.623860725513
0.039200	12.683563742615
0.039300	12.743426097393
0.039400	12.803414874533
0.039500	12.863543718374
0.039600	12.923764932501
0.039700	12.984105296016
0.039800	13.044546304649
0.039900	13.105118699301
0.040000	13.165841345095
0.040100	13.226704273216
0.040200	13.287702218903
0.040300	13.348809197408
0.040400	13.410018612749
0.040500	13.471364341703
0.040600	13.532814345878
0.040700	13.594358892345
0.040800	13.656016531315
0.040900	13.717788813002
0.041000	13.779691524480
0.041100	13.841761528620
0.041200	13.903925826361
0.041300	13.966216136913
0.041400	14.028608783595
0.041500	14.091121271372
0.041600	14.153742813540
0.041700	14.216487363847
0.041800	14.279361913939
0.041900	14.342326554656
0.042000	14.405398500118
0.042100	14.468622378815
0.042200	14.531977479854
0.042300	14.595470551575
0.042400	14.659131981706
0.042500	14.722944689655
0.042600	14.786841895039
0.042700	14.850831030179
0.042800	14.914934503980
0.042900	14.979136421017
0.043000	15.043459801788
0.043100	15.107883312626
0.043200	15.172420411661
0.043300	15.237087924264
0.043400	15.301872351740
0.043500	15.366777328333
0.043600	15.431794953856
0.043700	15.496914415330
0.043800	15.562138751430
0.043900	15.627528818303
0.044000	15.693032799998
0.044100	15.758639108306
0.044200	15.824351490038
0.044300	15.890146823467
0.044400	15.956054017259
0.044500	16.022097353488
0.044600	16.088287588661
0.044700	16.154557937557
0.044800	16.220952454403
0.044900	16.287436409837
0.045000	16.354054260214
0.045100	16.420819486344
0.045200	16.487677898912
0.045300	16.554659022103
0.045400	16.621781596414
0.045500	16.688974746990
0.045600	16.756369419385
0.045700	16.823892501543
0.045800	16.891564470305
0.045900	16.959308471300
0.046000	17.027246405067
0.046100	17.095265466211
0.046200	17.163393265712
0.046300	17.231664620829
0.046400	17.300028875876
0.046500	17.368479675766
0.046600	17.437064864119
0.046700	17.505749552665
0.046800	17.574544618962
0.046900	17.643416379697
0.047000	17.712460509852
0.047100	17.781531487281
0.047200	17.850692558061
0.047300	17.919982557563
0.047400	17.989431764230
0.047500	18.059016328982
0.047600	18.128679264304
0.047700	18.198445325831
0.047800	18.268353918048
0.047900	18.338343218175
0.048000	18.408457398983
0.048100	18.478687422491
0.048200	18.549016362867
0.048300	18.619446536581
0.048400	18.690021411510
0.048500	18.760695217220
0.048600	18.831514465901
0.048700	18.902513387840
0.048800	18.973615249701
0.048900	19.044846141300
0.049000	19.116204425726
0.049100	19.187675847469
0.049200	19.259305274465
0.049300	19.330985658656
0.049400	19.402771926053
0.049500	19.474666989492
0.049600	19.546735977119
0.049700	19.618892399038
0.049800	19.691225620104
0.049900	19.763628813270
0.050000	19.836196343239
0.050100	19.908939363541
0.050200	19.981802648550
0.050300	20.054697092361
0.050400	20.127761696109
0.050500	20.200938635220
0.050600	20.274231736924
0.050700	20.347655444721
0.050800	20.421182182913
0.050900	20.494738377979
0.051000	20.568418417342
0.051100	20.642194999658
0.051200	20.716082207791
0.051300	20.790132652792
0.051400	20.864255243572
0.051500	20.938492072442
0.051600	21.012839927712
0.051700	21.087247565495
0.051800	21.161797509316
0.051900	21.236506590051
0.052000	21.311321568145
0.052100	21.386273306872
0.052200	21.461342426180
0.052300	21.536481102140
0.052400	21.611748367266
0.052500	21.687159967311
0.052600	21.762642526071
0.052700	21.838275862110
0.052800	21.914038518352
0.052900	21.989891977959
0.053000	22.065807241596
0.053100	22.141761612929
0.053200	22.217888242538
0.053300	22.294062000558
0.053400	22.370393291846
0.053500	22.446819715131
0.053600	22.523359309937
0.053700	22.599955305632
0.053800	22.676637019365
0.053900	22.753422228131
0.054000	22.830265740563
0.054100	22.907140065187
0.054200	22.984156153807
0.054300	23.061252067243
0.054400	23.138496607099
0.054500	23.215860488093
0.054600	23.293420289729
0.054700	23.371042213245
0.054800	23.448813295049
0.054900	23.526641435217
0.055000	23.604542179170
0.055100	23.682568271485
0.055200	23.760760856894
0.055300	23.839013653526
0.055400	23.917336601631
0.055500	23.995774843195
0.055600	24.074325602196
0.055700	24.153002462136
0.055800	24.231791148054
0.055900	24.310623910727
0.056000	24.389573129554
0.056100	24.468531287764
0.056200	24.547614803096
0.056300	24.626854316879
0.056400	24.706202640800
0.056500	24.785584395740
0.056600	24.865059507766
0.056700	24.944643790761
0.056800	25.024303850563
0.056900	25.104038106135
0.057000	25.183881859584
0.057100	25.263793737807
0.057200	25.343832403172
0.057300	25.423978793334
0.057400	25.504239276679
0.057500	25.584516680238
0.057600	25.664849118343
0.057700	25.745326453832
0.057800	25.825971759795
0.057900	25.906770848856
0.058000	25.987721504290
0.058100	26.068823605413
0.058200	26.149991924938
0.058300	26.231195928841
0.058400	26.312519292330
0.058500	26.393965293535
0.058600	26.475495513078
0.058700	26.557147385613
0.058800	26.638865048526
0.058900	26.720707761675
0.059000	26.802647036903
0.059100	26.884763808739
0.059200	26.967087417731
0.059300	27.049522015288
0.059400	27.132141948692
0.059500	27.214903257924
0.059600	27.297699198528
0.059700	27.380650475363
0.059800	27.463728825499
0.059900	27.546854552532
0.060000	27.630113989454
0.060100	27.713525475998
0.060200	27.797057737722
0.060300	27.880737925596
0.060400	27.964496132831
0.060500	28.048411396672
0.060600	28.132416376732
0.060700	28.216489984197
0.060800	28.300677250672
0.060900	28.385017318221
0.061000	28.469428943605
0.061100	28.553829620127
0.061200	28.638286082586
0.061300	28.722863445699
0.061400	28.807600114452
0.061500	28.892438658304
0.061600	28.977410090308
0.061700	29.062528903550
0.061800	29.147571169361
0.061900	29.232723767382
0.062000	29.317926516247
0.062100	29.403110180236
0.062200	29.488358227890
0.062300	29.573658266915
0.062400	29.659128510937
0.062500	29.744742725046
0.062600	29.830351005613
0.062700	29.916077903378
0.062800	30.001860288963
0.062900	30.087793038148
0.063000	30.173821236808
0.063100	30.259910700730
0.063200	30.346085873434
0.063300	30.432406508066
0.063400	30.518840193092
0.063500	30.605367242950
0.063600	30.691886353704
0.063700	30.778522609365
0.063800	30.865357138528
0.063900	30.952280863399
0.064000	31.039305822262
0.064100	31.126359677035
0.064200	31.213418538531
0.064300	31.300491986093
0.064400	31.387695559990
0.064500	31.474955033854
0.064600	31.562265104300
0.064700	31.649730591194
0.064800	31.737329280718
0.064900	31.824935581885
0.065000	31.912623159458
0.065100	32.000369632549
0.065200	32.088203570965
0.065300	32.175990918237
0.065400	32.263868828836
0.065500	32.351781292912
0.065600	32.439682098193
0.065700	32.527626939662
0.065800	32.615529582622
0.065900	32.703484975397
0.066000	32.791499479396
0.066100	32.879557570682
0.066200	32.967718146980
0.066300	33.056028385889
0.066400	33.144365297617
0.066500	33.232903478793
0.066600	33.321483625819
0.066700	33.410177105597
0.066800	33.498988499080
0.066900	33.587950689242
0.067000	33.677082639123
0.067100	33.766304623201
0.067200	33.855699801643
0.067300	33.945077966400
0.067400	34.034553271938
0.067500	34.124154260227
0.067600	34.213735525176
0.067700	34.303375592556
0.067800	34.393024456105
0.067900	34.482766975694
0.068000	34.572648652250
0.068100	34.662746507484
0.068200	34.752804746345
0.068300	34.842824866889
0.068400	34.932960912651
0.068500	35.023216869647
0.068600	35.113654780421
0.068700	35.204128041670
0.068800	35.294613422182
0.068900	35.385366801594
0.069000	35.476223741638
0.069100	35.567246086737
0.069200	35.658418390181
0.069300	35.749641684445
0.069400	35.840957534304
0.069500	35.932366861242
0.069600	36.023904556636
0.069700	36.115507716935
0.069800	36.207067910329
0.069900	36.298791577065
0.070000	36.390602010811
0.070100	36.482277753197
0.070200	36.573912348503
0.070300	36.665507847659
0.070400	36.757323537767
0.070500	36.849197001299
0.070600	36.941298805336
0.070700	37.033514028147
0.070800	37.125909436208
0.070900	37.218450354663
0.071000	37.311023552012
0.071100	37.403665367975
0.071200	37.496447791733
0.071300	37.589317862353
0.071400	37.682292524072
0.071500	37.775371434412
0.071600	37.868573753638
0.071700	37.961645704854
0.071800	38.054803629239
0.071900	38.147885500331
0.072000	38.240955066855
0.072100	38.334116310601
0.072200	38.427324280832
0.072300	38.520635134588
0.072400	38.613993774631
0.072500	38.707318136177
0.072600	38.800922203563
0.072700	38.894499961646
0.072800	38.988085272644
0.072900	39.081680416287
0.073000	39.175513934650
0.073100	39.269436662748
0.073200	39.363517225740
0.073300	39.457717507884
0.073400	39.551942017602
0.073500	39.646166918077
0.073600	39.740351214416
0.073700	39.834628205256
0.073800	39.929041216582
0.073900	40.023521985908
0.074000	40.118168572656
0.074100	40.212888944135
0.074200	40.307670964778
0.074300	40.402425102561
0.074400	40.497256345429
0.074500	40.592166297142
0.074600	40.687042028318
0.074700	40.782207922519
0.074800	40.877563305380
0.074900	40.973140187906
0.075000	41.068961399759
0.075100	41.164807486136
0.075200	41.260659365849
0.075300	41.356629655408
0.075400	41.452849765143
0.075500	41.549082396371
0.075600	41.645458809829
0.075700	41.741994236152
0.075800	41.838749690962
0.075900	41.935390006547
0.076000	42.032242382330
0.076100	42.129290119340
0.076200	42.226420915534
0.076300	42.323785263746
0.076400	42.421154606302
0.076500	42.518502485542
0.076600	42.615838479736
0.076700	42.713420897137
0.076800	42.811124689704
0.076900	42.908923584487
0.077000	43.006792879582
0.077100	43.104747594386
0.077200	43.202853025847
0.077300	43.300983400709
0.077400	43.399024165951
0.077500	43.497117144918
0.077600	43.595562142820
0.077700	43.693918664009
0.077800	43.792551382316
0.077900	43.891386173941
0.078000	43.990280696541
0.078100	44.089239832765
0.078200	44.188329266515
0.078300	44.287693269354
0.078400	44.387326712586
0.078500	44.487324147467
0.078600	44.587580836176
0.078700	44.687877080811
0.078800	44.788352229402
0.078900	44.888844407142
0.079000	44.989212850644
0.079100	45.089931295451
0.079200	45.190662711148
0.079300	45.291647659308
0.079400	45.392719801889
0.079500	45.494157593917
0.079600	45.595671897890
0.079700	45.697320159492
0.079800	45.798992072848
0.079900	45.900850658444
0.080000	46.002755761039
0.080100	46.104742404206
0.080200	46.206702409819
0.080300	46.308744852184
0.080400	46.410837153573
0.080500	46.513083116993
0.080600	46.615364145162
0.080700	46.717769633225
0.080800	46.820354527309
0.080900	46.922990705053
0.081000	47.025542277762
0.081100	47.128121294568
0.081200	47.230905029513
0.081300	47.333450538989
0.081400	47.436141062363
0.081500	47.539030941005
0.081600	47.642055613170
0.081700	47.745277217080
0.081800	47.848784783872
0.081900	47.952258633009
0.082000	48.055663022023
0.082100	48.158989975237
0.082200	48.262570362632
0.082300	48.366444540996
0.082400	48.470437015447
0.082500	48.574530488248
0.082600	48.678840453930
0.082700	48.783447713615
0.082800	48.888102497139
0.082900	48.992974746988
0.083000	49.097823409537
0.083100	49.202643322823
0.083200	49.307492684112
0.083300	49.412410345986
0.083400	49.517602240441
0.083500	49.622951110120
0.083600	49.728230542762
0.083700	49.833612444780
0.083800	49.938907176840
0.083900	50.043905707339
0.084000	50.148936902006
0.084100	50.254470151165
0.084200	50.360058617314
0.084300	50.465704910999
0.084400	50.571226217602
0.084500	50.677049067545
0.084600	50.782468723808
0.084700	50.888166739470
0.084800	50.994005300048
0.084900	51.099674709247
0.085000	51.205313560907
0.085100	51.310859823999
0.085200	51.416409803635
0.085300	51.521960405578
0.085400	51.627676113786
0.085500	51.733392275805
0.085600	51.839332894010
0.085700	51.945343882829
0.085800	52.051533649811
0.085900	52.157765357106
0.086000	52.263953499831
0.086100	52.369995559830
0.086200	52.475805466580
0.086300	52.581797812664
0.086400	52.688089993411
0.086500	52.794563969340
0.086600	52.901110079441
0.086700	53.007868912528
0.086800	53.114657473451
0.086900	53.221416282172
0.087000	53.328393100758
0.087100	53.435689506181
0.087200	53.543475417497
0.087300	53.651531785411
0.087400	53.759615064328
0.087500	53.867750254811
0.087600	53.976062971730
0.087700	54.084608204803
0.087800	54.193000606580
0.087900	54.301680567885
0.088000	54.410464945217
0.088100	54.520121063844
0.088200	54.629546268197
0.088300	54.739271356591
0.088400	54.849172557237
0.088500	54.958947646896
0.088600	55.068611077520
0.088700	55.178631402075
0.088800	55.288942054207
0.088900	55.399248166788
0.089000	55.509768528740
0.089100	55.620217080486
0.089200	55.730914166557
0.089300	55.841594214100
0.089400	55.952290788468
0.089500	56.063194685463
0.089600	56.174126604018
0.089700	56.285413323501
0.089800	56.396743914422
0.089900	56.508050608656
0.090000	56.619423743151
0.090100	56.730714822693
0.090200	56.841684847202
0.090300	56.952860003302
0.090400	57.064137892616
0.090500	57.176014729950
0.090600	57.287959494527
0.090700	57.400221167857
0.090800	57.512409640525
0.090900	57.624836708335
0.091000	57.737520904361
0.091100	57.849972020070
0.091200	57.962515597513
0.091300	58.074865562264
0.091400	58.187200367417
0.091500	58.299269833384
0.091600	58.411520633542
0.091700	58.523823429760
0.091800	58.635625941306
0.091900	58.747075793475
0.092000	58.859042025574
0.092100	58.971518378347
0.092200	59.084523189968
0.092300	59.197351084293
0.092400	59.310071630096
0.092500	59.422783696098
0.092600	59.535392722474
0.092700	59.647961880321
0.092800	59.760593536841
0.092900	59.872199886096
0.093000	59.984140335807
0.093100	60.095779589958
0.093200	60.207265011388
0.093300	60.318352750797
0.093400	60.428320264952
0.093500	60.538139465250
0.093600	60.648298224502
0.093700	60.758168851182
0.093800	60.868342836412
0.093900	60.979101900136
0.094000	61.091313254765
0.094100	61.203615220806
0.094200	61.315752503014
0.094300	61.427616957299
0.094400	61.538783513316
0.094500	61.649962878276
0.094600	61.761387532561
0.094700	61.872259260461
0.094800	61.983566560764
0.094900	62.094973548047
0.095000	62.207118581159
0.095100	62.321165010618
0.095200	62.435255995410
0.095300	62.550201229352
0.095400	62.664952324900
0.095500	62.780863198600
0.095600	62.896703412633
0.095700	63.012677371682
0.095800	63.128701499216
0.095900	63.243643492685
0.096000	63.358137326456
0.096100	63.472761205984
0.096200	63.587306858097
0.096300	63.701020411309
0.096400	63.815024554965
0.096500	63.929665730153
0.096600	64.045714501501
0.096700	64.161333455722
0.096800	64.277218180705
0.096900	64.393843043178
0.097000	64.511015408504
0.097100	64.629852952971
0.097200	64.750458480489
0.097300	64.871505569504
0.097400	64.992659349086
0.097500	65.117126029506
0.097600	65.240989669717
0.097700	65.363876918832
0.097800	65.487447761704
0.097900	65.611423646344
0.098000	65.735663886833
0.098100	65.863465407270
0.098200	65.991754465234
0.098300	66.116669636720
0.098400	66.243892150758
0.098500	66.370220670701
0.098600	66.492974947718
0.098700	66.615346895190
0.098800	66.737343078626
0.098900	66.861249875155
0.099000	66.990200235366
0.099100	67.121265248167
0.099200	67.259769894273
0.099300	67.398883920722
0.099400	67.537164301896
0.099500	67.671604415733
0.099600	67.799415548892
0.099700	67.919294118687
0.099800	68.029005531345
0.099900	68.113927751080
