0.000001	0.000001997503
0.000002	0.000003990888
0.000003	0.000005987450
0.000004	0.000008002261
0.000005	0.000010003717
0.000006	0.000011984211
0.000007	0.000013979165
0.000008	0.000015968274
0.000009	0.000017957440
0.000010	0.000019971410
0.000011	0.000021981787
0.000012	0.000023972141
0.000013	0.000025952452
0.000014	0.000027929706
0.000015	0.000029908794
0.000016	0.000031861527
0.000017	0.000033808380
0.000018	0.000035744464
0.000019	0.000037667774
0.000020	0.000039604034
0.000021	0.000041564288
0.000022	0.000043520408
0.000023	0.000045489217
0.000024	0.000047456800
0.000025	0.000049444119
0.000026	0.000051437130
0.000027	0.000053432221
0.000028	0.000055424485
0.000029	0.000057428058
0.000030	0.000059408419
0.000031	0.000061379052
0.000032	0.000063366567
0.000033	0.000065335139
0.000034	0.000067300948
0.000035	0.000069274982
0.000036	0.000071217510
0.000037	0.000073144148
0.000038	0.000075081971
0.000039	0.000077015209
0.000040	0.000078971201
0.000041	0.000080913894
0.000042	0.000082835543
0.000043	0.000084756925
0.000044	0.000086698003
0.000045	0.000088619996
0.000046	0.000090545425
0.000047	0.000092469648
0.000048	0.000094414819
0.000049	0.000096360133
0.000050	0.000098287910
0.000051	0.000100224059
0.000052	0.000102159745
0.000053	0.000104074599
0.000054	0.000105973571
0.000055	0.000107879082
0.000056	0.000109816083
0.000057	0.000111760048
0.000058	0.000113706441
0.000059	0.000115643251
0.000060	0.000117582671
0.000061	0.000119527266
0.000062	0.000121478610
0.000063	0.000123409626
0.000064	0.000125338541
0.000065	0.000127239716
0.000066	0.000129142723
0.000067	0.000131025293
0.000068	0.000132872962
0.000069	0.000134732478
0.000070	0.000136593984
0.000071	0.000138464643
0.000072	0.000140331062
0.000073	0.000142182795
0.000074	0.000144040376
0.000075	0.000145910234
0.000076	0.000147790348
0.000077	0.000149655148
0.000078	0.000151515634
0.000079	0.000153412572
0.000080	0.000155322528
0.000081	0.000157226546
0.000082	0.000159132989
0.000083	0.000161027038
0.000084	0.000162904789
0.000085	0.000164813817
0.000086	0.000166694969
0.000087	0.000168572205
0.000088	0.000170415678
0.000089	0.000172251011
0.000090	0.000174083011
0.000091	0.000175878851
0.000092	0.000177675956
0.000093	0.000179438109
0.000094	0.000181206279
0.000095	0.000182977682
0.000096	0.000184719893
0.000097	0.000186458907
0.000098	0.000188201099
0.000099	0.000189968603
0.000100	0.000191711493
0.000101	0.000193449014
0.000102	0.000195201271
0.000103	0.000196954477
0.000104	0.000198724268
0.000105	0.000200480854
0.000106	0.000202236301
0.000107	0.000203999887
0.000108	0.000205741578
0.000109	0.000207483038
0.000110	0.000209221988
0.000111	0.000210949620
0.000112	0.000212687168
0.000113	0.000214421310
0.000114	0.000216144662
0.000115	0.000217837462
0.000116	0.000219520221
0.000117	0.000221202420
0.000118	0.000222883029
0.000119	0.000224585977
0.000120	0.000226276606
0.000121	0.000227955928
0.000122	0.000229628627
0.000123	0.000231319627
0.000124	0.000232988071
0.000125	0.000234656414
0.000126	0.000236341620
0.000127	0.000238045973
0.000128	0.000239759249
0.000129	0.000241501250
0.000130	0.000243250439
0.000131	0.000244990550
0.000132	0.000246736922
0.000133	0.000248470584
0.000134	0.000250188641
0.000135	0.000251921799
0.000136	0.000253657898
0.000137	0.000255402048
0.000138	0.000257146722
0.000139	0.000258883644
0.000140	0.000260613592
0.000141	0.000262345879
0.000142	0.000264080396
0.000143	0.000265816690
0.000144	0.000267533133
0.000145	0.000269217551
0.000146	0.000270897797
0.000147	0.000272579556
0.000148	0.000274258668
0.000149	0.000275939231
0.000150	0.000277607555
0.000151	0.000279276311
0.000152	0.000280924686
0.000153	0.000282591734
0.000154	0.000284237341
0.000155	0.000285869599
0.000156	0.000287498463
0.000157	0.000289130202
0.000158	0.000290770827
0.000159	0.000292393450
0.000160	0.000294040333
0.000161	0.000295689647
0.000162	0.000297352923
0.000163	0.000299042278
0.000164	0.000300719525
0.000165	0.000302379256
0.000166	0.000304012138
0.000167	0.000305655810
0.000168	0.000307323423
0.000169	0.000308978240
0.000170	0.000310658041
0.000171	0.000312314779
0.000172	0.000313984189
0.000173	0.000315642768
0.000174	0.000317300092
0.000175	0.000318963815
0.000176	0.000320623027
0.000177	0.000322261480
0.000178	0.000323904171
0.000179	0.000325560957
0.000180	0.000327197872
0.000181	0.000328832220
0.000182	0.000330470791
0.000183	0.000332119396
0.000184	0.000333779016
0.000185	0.000335466586
0.000186	0.000337139156
0.000187	0.000338804130
0.000188	0.000340481855
0.000189	0.000342160739
0.000190	0.000343838041
0.000191	0.000345539976
0.000192	0.000347287632
0.000193	0.000349042778
0.000194	0.000350832729
0.000195	0.000352651317
0.000196	0.000354491525
0.000197	0.000356335473
0.000198	0.000358160329
0.000199	0.000359981125
0.000200	0.000361799698
0.000201	0.000363619754
0.000202	0.000365452424
0.000203	0.000367322470
0.000204	0.000369188603
0.000205	0.000371065523
0.000206	0.000372946319
0.000207	0.000374828279
0.000208	0.000376698181
0.000209	0.000378574958
0.000210	0.000380474105
0.000211	0.000382351315
0.000212	0.000384213863
0.000213	0.000386064843
0.000214	0.000387912922
0.000215	0.000389774827
0.000216	0.000391596297
0.000217	0.000393409275
0.000218	0.000395212883
0.000219	0.000397011629
0.000220	0.000398817723
0.000221	0.000400626009
0.000222	0.000402412127
0.000223	0.000404137940
0.000224	0.000405880602
0.000225	0.000407626906
0.000226	0.000409387496
0.000227	0.000411172390
0.000228	0.000412935841
0.000229	0.000414692832
0.000230	0.000416432460
0.000231	0.000418148397
0.000232	0.000419874108
0.000233	0.000421586942
0.000234	0.000423318513
0.000235	0.000425033182
0.000236	0.000426736697
0.000237	0.000428430032
0.000238	0.000430129880
0.000239	0.000431812680
0.000240	0.000433514813
0.000241	0.000435222721
0.000242	0.000436952022
0.000243	0.000438686804
0.000244	0.000440428161
0.000245	0.000442175082
0.000246	0.000443930645
0.000247	0.000445701596
0.000248	0.000447466443
0.000249	0.000449238176
0.000250	0.000451024888
0.000251	0.000452828104
0.000252	0.000454648508
0.000253	0.000456456750
0.000254	0.000458229232
0.000255	0.000459997194
0.000256	0.000461738241
0.000257	0.000463486637
0.000258	0.000465218958
0.000259	0.000466990133
0.000260	0.000468743131
0.000261	0.000470475387
0.000262	0.000472196844
0.000263	0.000473920437
0.000264	0.000475634276
0.000265	0.000477383225
0.000266	0.000479119761
0.000267	0.000480853799
0.000268	0.000482562766
0.000269	0.000484278890
0.000270	0.000485979662
0.000271	0.000487668687
0.000272	0.000489378747
0.000273	0.000491063551
0.000274	0.000492755140
0.000275	0.000494463367
0.000276	0.000496134046
0.000277	0.000497813472
0.000278	0.000499472605
0.000279	0.000501170383
0.000280	0.000502872759
0.000281	0.000504564696
0.000282	0.000506189702
0.000283	0.000507799827
0.000284	0.000509393561
0.000285	0.000510975965
0.000286	0.000512584157
0.000287	0.000514187948
0.000288	0.000515821184
0.000289	0.000517465547
0.000290	0.000519118225
0.000291	0.000520771564
0.000292	0.000522414905
0.000293	0.000524039079
0.000294	0.000525664909
0.000295	0.000527282635
0.000296	0.000528916535
0.000297	0.000530578812
0.000298	0.000532238196
0.000299	0.000533850886
0.000300	0.000535471605
0.000301	0.000537071115
0.000302	0.000538673474
0.000303	0.000540269203
0.000304	0.000541842724
0.000305	0.000543411579
0.000306	0.000544961285
0.000307	0.000546502656
0.000308	0.000548050149
0.000309	0.000549633522
0.000310	0.000551240058
0.000311	0.000552861785
0.000312	0.000554473621
0.000313	0.000556078068
0.000314	0.000557684239
0.000315	0.000559292793
0.000316	0.000560918358
0.000317	0.000562558928
0.000318	0.000564215048
0.000319	0.000565905533
0.000320	0.000567607047
0.000321	0.000569299637
0.000322	0.000570983083
0.000323	0.000572664854
0.000324	0.000574328664
0.000325	0.000575972822
0.000326	0.000577601823
0.000327	0.000579234140
0.000328	0.000580873907
0.000329	0.000582522258
0.000330	0.000584197111
0.000331	0.000585876474
0.000332	0.000587548129
0.000333	0.000589219127
0.000334	0.000590900953
0.000335	0.000592567937
0.000336	0.000594249359
0.000337	0.000595972799
0.000338	0.000597687566
0.000339	0.000599417692
0.000340	0.000601162208
0.000341	0.000602924238
0.000342	0.000604633100
0.000343	0.000606358851
0.000344	0.000608081990
0.000345	0.000609787203
0.000346	0.000611504164
0.000347	0.000613232436
0.000348	0.000614957848
0.000349	0.000616690051
0.000350	0.000618423452
0.000351	0.000620145236
0.000352	0.000621897971
0.000353	0.000623651013
0.000354	0.000625420379
0.000355	0.000627200308
0.000356	0.000628961549
0.000357	0.000630734288
0.000358	0.000632523276
0.000359	0.000634284738
0.000360	0.000636073587
0.000361	0.000637860722
0.000362	0.000639652992
0.000363	0.000641443929
0.000364	0.000643226222
0.000365	0.000645006122
0.000366	0.000646783758
0.000367	0.000648581993
0.000368	0.000650374025
0.000369	0.000652202463
0.000370	0.000653999028
0.000371	0.000655767500
0.000372	0.000657525888
0.000373	0.000659288435
0.000374	0.000661021952
0.000375	0.000662779530
0.000376	0.000664557019
0.000377	0.000666366780
0.000378	0.000668173960
0.000379	0.000669985652
0.000380	0.000671801368
0.000381	0.000673626547
0.000382	0.000675432494
0.000383	0.000677260097
0.000384	0.000679092688
0.000385	0.000680929030
0.000386	0.000682741830
0.000387	0.000684515981
0.000388	0.000686331657
0.000389	0.000688136243
0.000390	0.000689932067
0.000391	0.000691740704
0.000392	0.000693562623
0.000393	0.000695399071
0.000394	0.000697253770
0.000395	0.000699061679
0.000396	0.000700859150
0.000397	0.000702659075
0.000398	0.000704488375
0.000399	0.000706318557
0.000400	0.000708188063
0.000401	0.000709995741
0.000402	0.000711814742
0.000403	0.000713647635
0.000404	0.000715489357
0.000405	0.000717282165
0.000406	0.000719081392
0.000407	0.000720946934
0.000408	0.000722825751
0.000409	0.000724698949
0.000410	0.000726540708
0.000411	0.000728383272
0.000412	0.000730233820
0.000413	0.000732059808
0.000414	0.000733915601
0.000415	0.000735859050
0.000416	0.000737826178
0.000417	0.000739851938
0.000418	0.000741901327
0.000419	0.000743924529
0.000420	0.000745967019
0.000421	0.000748031451
0.000422	0.000750105225
0.000423	0.000752219149
0.000424	0.000754308719
0.000425	0.000756397665
0.000426	0.000758476739
0.000427	0.000760590107
0.000428	0.000762716836
0.000429	0.000764809636
0.000430	0.000766918841
0.000431	0.000769042090
0.000432	0.000771207454
0.000433	0.000773397367
0.000434	0.000775621740
0.000435	0.000777854655
0.000436	0.000780130878
0.000437	0.000782411096
0.000438	0.000784676782
0.000439	0.000786940398
0.000440	0.000789244494
0.000441	0.000791542629
0.000442	0.000793870236
0.000443	0.000796185303
0.000444	0.000798492273
0.000445	0.000800777593
0.000446	0.000803085353
0.000447	0.000805412333
0.000448	0.000807763764
0.000449	0.000810109921
0.000450	0.000812419654
0.000451	0.000814771988
0.000452	0.000817096008
0.000453	0.000819424955
0.000454	0.000821725709
0.000455	0.000823975783
0.000456	0.000826219909
0.000457	0.000828466156
0.000458	0.000830724257
0.000459	0.000833022983
0.000460	0.000835332329
0.000461	0.000837654374
0.000462	0.000839992654
0.000463	0.000842352468
0.000464	0.000844670920
0.000465	0.000847014113
0.000466	0.000849382047
0.000467	0.000851771964
0.000468	0.000854180546
0.000469	0.000856587512
0.000470	0.000858991883
0.000471	0.000861351226
0.000472	0.000863681028
0.000473	0.000866026765
0.000474	0.000868327750
0.000475	0.000870684337
0.000476	0.000872995597
0.000477	0.000875315586
0.000478	0.000877611583
0.000479	0.000879852493
0.000480	0.000882089644
0.000481	0.000884311206
0.000482	0.000886557387
0.000483	0.000888826339
0.000484	0.000891097389
0.000485	0.000893379839
0.000486	0.000895634845
0.000487	0.000897879205
0.000488	0.000900147865
0.000489	0.000902430823
0.000490	0.000904679195
0.000491	0.000906904676
0.000492	0.000909119808
0.000493	0.000911316591
0.000494	0.000913475451
0.000495	0.000915571434
0.000496	0.000917630278
0.000497	0.000919686037
0.000498	0.000921753454
0.000499	0.000923762546
0.000500	0.000925785141
0.000501	0.000927796219
0.000502	0.000929843435
0.000503	0.000931908047
0.000504	0.000934020182
0.000505	0.000936137417
0.000506	0.000938198310
0.000507	0.000940247323
0.000508	0.000942304751
0.000509	0.000944366016
0.000510	0.000946365945
0.000511	0.000948337708
0.000512	0.000950305902
0.000513	0.000952303638
0.000514	0.000954368709
0.000515	0.000956455970
0.000516	0.000958521207
0.000517	0.000960542892
0.000518	0.000962549059
0.000519	0.000964583621
0.000520	0.000966620418
0.000521	0.000968619977
0.000522	0.000970619356
0.000523	0.000972590821
0.000524	0.000974516722
0.000525	0.000976474883
0.000526	0.000978408918
0.000527	0.000980335222
0.000528	0.000982222462
0.000529	0.000984071423
0.000530	0.000985874706
0.000531	0.000987653442
0.000532	0.000989381597
0.000533	0.000991117498
0.000534	0.000992791111
0.000535	0.000994515744
0.000536	0.000996309887
0.000537	0.000998143251
0.000538	0.000999939237
0.000539	0.001001786738
0.000540	0.001003618307
0.000541	0.001005454350
0.000542	0.001007324753
0.000543	0.001009182528
0.000544	0.001011021843
0.000545	0.001012894715
0.000546	0.001014747044
0.000547	0.001016557492
0.000548	0.001018351591
0.000549	0.001020110003
0.000550	0.001021865357
0.000551	0.001023610267
0.000552	0.001025366441
0.000553	0.001027132530
0.000554	0.001028866866
0.000555	0.001030636247
0.000556	0.001032351646
0.000557	0.001034055238
0.000558	0.001035671740
0.000559	0.001037232240
0.000560	0.001038783397
0.000561	0.001040277250
0.000562	0.001041738690
0.000563	0.001043184969
0.000564	0.001044669002
0.000565	0.001046087223
0.000566	0.001047573876
0.000567	0.001049051933
0.000568	0.001050529099
0.000569	0.001052042522
0.000570	0.001053548914
0.000571	0.001055028690
0.000572	0.001056530441
0.000573	0.001058060452
0.000574	0.001059538603
0.000575	0.001061027090
0.000576	0.001062495935
0.000577	0.001063951775
0.000578	0.001065374340
0.000579	0.001066764284
0.000580	0.001068185507
0.000581	0.001069587341
0.000582	0.001070943274
0.000583	0.001072349393
0.000584	0.001073777453
0.000585	0.001075183983
0.000586	0.001076595384
0.000587	0.001078002006
0.000588	0.001079403984
0.000589	0.001080855178
0.000590	0.001082304645
0.000591	0.001083683278
0.000592	0.001085017278
0.000593	0.001086374085
0.000594	0.001087724797
0.000595	0.001089031495
0.000596	0.001090241810
0.000597	0.001091443725
0.000598	0.001092630403
0.000599	0.001093782191
0.000600	0.001094949022
0.000601	0.001096217059
0.000602	0.001097438568
0.000603	0.001098654242
0.000604	0.001099872697
0.000605	0.001101094821
0.000606	0.001102309262
0.000607	0.001103496518
0.000608	0.001104706196
0.000609	0.001105911465
0.000610	0.001107098274
0.000611	0.001108274394
0.000612	0.001109438256
0.000613	0.001110673360
0.000614	0.001111878973
0.000615	0.001113183014
0.000616	0.001114510192
0.000617	0.001115816660
0.000618	0.001117114989
0.000619	0.001118382079
0.000620	0.001119657453
0.000621	0.001121001900
0.000622	0.001122402902
0.000623	0.001123856254
0.000624	0.001125257664
0.000625	0.001126724231
0.000626	0.001128131106
0.000627	0.001129515315
0.000628	0.001130828721
0.000629	0.001132240078
0.000630	0.001133623325
0.000631	0.001134973135
0.000632	0.001136352579
0.000633	0.001137698856
0.000634	0.001139024298
0.000635	0.001140346755
0.000636	0.001141645665
0.000637	0.001142976225
0.000638	0.001144284433
0.000639	0.001145510782
0.000640	0.001146698290
0.000641	0.001147865612
0.000642	0.001148966943
0.000643	0.001150065587
0.000644	0.001151182660
0.000645	0.001152252448
0.000646	0.001153337435
0.000647	0.001154459517
0.000648	0.001155547926
0.000649	0.001156611057
0.000650	0.001157629318
0.000651	0.001158611280
0.000652	0.001159580771
0.000653	0.001160539529
0.000654	0.001161560026
0.000655	0.001162617959
0.000656	0.001163616546
0.000657	0.001164622457
0.000658	0.001165641835
0.000659	0.001166685365
0.000660	0.001167810095
0.000661	0.001169020618
0.000662	0.001170185981
0.000663	0.001171394734
0.000664	0.001172640852
0.000665	0.001173932466
0.000666	0.001175281616
0.000667	0.001176638499
0.000668	0.001177999564
0.000669	0.001179335233
0.000670	0.001180684834
0.000671	0.001182068283
0.000672	0.001183439362
0.000673	0.001184817734
0.000674	0.001186123764
0.000675	0.001187322904
0.000676	0.001188573212
0.000677	0.001189776964
0.000678	0.001191066439
0.000679	0.001192355092
0.000680	0.001193600733
0.000681	0.001194821994
0.000682	0.001196078212
0.000683	0.001197342883
0.000684	0.001198539864
0.000685	0.001199783111
0.000686	0.001201002753
0.000687	0.001202278292
0.000688	0.001203569132
0.000689	0.001204974361
0.000690	0.001206372054
0.000691	0.001207816471
0.000692	0.001209333429
0.000693	0.001210862516
0.000694	0.001212351803
0.000695	0.001213874561
0.000696	0.001215445137
0.000697	0.001216888054
0.000698	0.001218288549
0.000699	0.001219780688
0.000700	0.001221284778
0.000701	0.001222757536
0.000702	0.001224239226
0.000703	0.001225622312
0.000704	0.001227053524
0.000705	0.001228528630
0.000706	0.001229949417
0.000707	0.001231407896
0.000708	0.001232916136
0.000709	0.001234452416
0.000710	0.001236081625
0.000711	0.001237645940
0.000712	0.001239303136
0.000713	0.001241056726
0.000714	0.001242813940
0.000715	0.001244584908
0.000716	0.001246475230
0.000717	0.001248324758
0.000718	0.001250282094
0.000719	0.001252237983
0.000720	0.001254237796
0.000721	0.001256153951
0.000722	0.001258109946
0.000723	0.001260018806
0.000724	0.001261901025
0.000725	0.001263805125
0.000726	0.001265691634
0.000727	0.001267589141
0.000728	0.001269607864
0.000729	0.001271719249
0.000730	0.001273758387
0.000731	0.001275747294
0.000732	0.001277719106
0.000733	0.001279664791
0.000734	0.001281586362
0.000735	0.001283556240
0.000736	0.001285499138
0.000737	0.001287500837
0.000738	0.001289424171
0.000739	0.001291277202
0.000740	0.001293098895
0.000741	0.001294937148
0.000742	0.001296759216
0.000743	0.001298730249
0.000744	0.001300693459
0.000745	0.001302563395
0.000746	0.001304492090
0.000747	0.001306413064
0.000748	0.001308409449
0.000749	0.001310458546
0.000750	0.001312514697
0.000751	0.001314563538
0.000752	0.001316486954
0.000753	0.001318419827
0.000754	0.001320364285
0.000755	0.001322317427
0.000756	0.001324393989
0.000757	0.001326397438
0.000758	0.001328363099
0.000759	0.001330256449
0.000760	0.001332166263
0.000761	0.001334088265
0.000762	0.001335934590
0.000763	0.001337889002
0.000764	0.001339789847
0.000765	0.001341589229
0.000766	0.001343331388
0.000767	0.001345069778
0.000768	0.001346796132
0.000769	0.001348531104
0.000770	0.001350266110
0.000771	0.001351986136
0.000772	0.001353752246
0.000773	0.001355614130
0.000774	0.001357442785
0.000775	0.001359346443
0.000776	0.001361314498
0.000777	0.001363201975
0.000778	0.001365047781
0.000779	0.001366913609
0.000780	0.001368654160
0.000781	0.001370374053
0.000782	0.001372092405
0.000783	0.001373800708
0.000784	0.001375464431
0.000785	0.001377096242
0.000786	0.001378685487
0.000787	0.001380202889
0.000788	0.001381595660
0.000789	0.001382890906
0.000790	0.001384058303
0.000791	0.001385205084
0.000792	0.001386236030
0.000793	0.001387114514
0.000794	0.001387873885
0.000795	0.001388536630
0.000796	0.001389221904
0.000797	0.001389750265
0.000798	0.001390277688
0.000799	0.001390995922
0.000800	0.001391793988
0.000801	0.001392586481
0.000802	0.001393336459
0.000803	0.001394073273
0.000804	0.001394737753
0.000805	0.001395553784
0.000806	0.001396347271
0.000807	0.001397148776
0.000808	0.001397968048
0.000809	0.001398826273
0.000810	0.001399785787
0.000811	0.001400766332
0.000812	0.001401656429
0.000813	0.001402517588
0.000814	0.001403389624
0.000815	0.001404365463
0.000816	0.001405363762
0.000817	0.001406269160
0.000818	0.001407096235
0.000819	0.001407978757
0.000820	0.001408868028
0.000821	0.001409855251
0.000822	0.001410848353
0.000823	0.001411766856
0.000824	0.001412632049
0.000825	0.001413592135
0.000826	0.001414598625
0.000827	0.001415473182
0.000828	0.001416301876
0.000829	0.001417157372
0.000830	0.001418000438
0.000831	0.001418911891
0.000832	0.001419849416
0.000833	0.001420736317
0.000834	0.001421587837
0.000835	0.001422296959
0.000836	0.001422974065
0.000837	0.001423813137
0.000838	0.001424684690
0.000839	0.001425513318
0.000840	0.001426228128
0.000841	0.001426870530
0.000842	0.001427342078
0.000843	0.001427760848
0.000844	0.001428060309
0.000845	0.001428439861
0.000846	0.001428789858
0.000847	0.001428995410
0.000848	0.001429335019
0.000849	0.001429876945
0.000850	0.001430349506
0.000851	0.001430760346
0.000852	0.001431128351
0.000853	0.001431553189
0.000854	0.001432012783
0.000855	0.001432365520
0.000856	0.001432640068
0.000857	0.001432765543
0.000858	0.001432974659
0.000859	0.001433205777
0.000860	0.001433302620
0.000861	0.001433316566
0.000862	0.001433400825
0.000863	0.001433388854
0.000864	0.001433533078
0.000865	0.001433644840
0.000866	0.001433713304
0.000867	0.001433684736
0.000868	0.001433575328
0.000869	0.001433429999
0.000870	0.001433228825
0.000871	0.001433057006
0.000872	0.001432795007
0.000873	0.001432614873
0.000874	0.001432280711
0.000875	0.001432057198
0.000876	0.001431967961
0.000877	0.001431741945
0.000878	0.001431493539
0.000879	0.001430937741
0.000880	0.001430624546
0.000881	0.001430487974
0.000882	0.001430315098
0.000883	0.001430047319
0.000884	0.001429692234
0.000885	0.001429208225
0.000886	0.001428640777
0.000887	0.001428075686
0.000888	0.001427822419
0.000889	0.001427767795
0.000890	0.001427496081
0.000891	0.001427518484
0.000892	0.001427524738
0.000893	0.001427773156
0.000894	0.001428400672
0.000895	0.001429047430
0.000896	0.001429800392
0.000897	0.001430685963
0.000898	0.001431531628
0.000899	0.001432453557
0.000900	0.001433291214
0.000901	0.001433897007
0.000902	0.001434624671
0.000903	0.001435340502
0.000904	0.001436379456
0.000905	0.001437613743
0.000906	0.001438888272
0.000907	0.001440459410
0.000908	0.001442028438
0.000909	0.001443244911
0.000910	0.001444589003
0.000911	0.001446019920
0.000912	0.001447465606
0.000913	0.001449097521
0.000914	0.001450852081
0.000915	0.001452894672
0.000916	0.001454937345
0.000917	0.001457073519
0.000918	0.001459457526
0.000919	0.001461247835
0.000920	0.001463169709
0.000921	0.001465267883
0.000922	0.001467265399
0.000923	0.001469460047
0.000924	0.001471995924
0.000925	0.001474475772
0.000926	0.001477065867
0.000927	0.001479697500
0.000928	0.001482393797
0.000929	0.001485020522
0.000930	0.001487831251
0.000931	0.001489961199
0.000932	0.001492502432
0.000933	0.001495084994
0.000934	0.001497749993
0.000935	0.001500461409
0.000936	0.001503017404
0.000937	0.001505371868
0.000938	0.001507664842
0.000939	0.001509718603
0.000940	0.001511623949
0.000941	0.001513367739
0.000942	0.001514807229
0.000943	0.001516700340
0.000944	0.001518867332
0.000945	0.001521208153
0.000946	0.001523469198
0.000947	0.001525898189
0.000948	0.001527794794
0.000949	0.001530690454
0.000950	0.001534111743
0.000951	0.001537180912
0.000952	0.001540067822
0.000953	0.001543064869
0.000954	0.001546029112
0.000955	0.001548757213
0.000956	0.001551805637
0.000957	0.001555242478
0.000958	0.001558434620
0.000959	0.001561441079
0.000960	0.001565133676
0.000961	0.001568270408
0.000962	0.001571374410
0.000963	0.001574258802
0.000964	0.001577338874
0.000965	0.001580709251
0.000966	0.001583851235
0.000967	0.001586257954
0.000968	0.001587696999
0.000969	0.001589129647
0.000970	0.001590465003
0.000971	0.001591532728
0.000972	0.001592768465
0.000973	0.001593533316
0.000974	0.001595488792
0.000975	0.001597575506
0.000976	0.001598355072
0.000977	0.001598938159
0.000978	0.001600301878
0.000979	0.001601315726
0.000980	0.001602040430
0.000981	0.001602956942
0.000982	0.001605075190
0.000983	0.001605199590
0.000984	0.001607509174
0.000985	0.001610183213
0.000986	0.001613079887
0.000987	0.001615927312
0.000988	0.001618347955
0.000989	0.001620569192
0.000990	0.001621539694
0.000991	0.001624819841
0.000992	0.001627220184
0.000993	0.001626694440
0.000994	0.001624521104
0.000995	0.001627856948
0.000996	0.001628139294
0.000997	0.001622080023
0.000998	0.001615819427
0.000999	0.001613302305
