0.000001	0.000002015889
0.000002	0.000004058666
0.000003	0.000006083100
0.000004	0.000008109597
0.000005	0.000010134032
0.000006	0.000012169297
0.000007	0.000014208506
0.000008	0.000016271748
0.000009	0.000018328080
0.000010	0.000020391795
0.000011	0.000022474824
0.000012	0.000024563503
0.000013	0.000026664473
0.000014	0.000028790330
0.000015	0.000030926805
0.000016	0.000033085130
0.000017	0.000035245950
0.000018	0.000037411627
0.000019	0.000039541316
0.000020	0.000041676123
0.000021	0.000043811758
0.000022	0.000045967777
0.000023	0.000048144512
0.000024	0.000050333190
0.000025	0.000052532990
0.000026	0.000054728963
0.000027	0.000056945289
0.000028	0.000059172976
0.000029	0.000061420604
0.000030	0.000063678333
0.000031	0.000065930171
0.000032	0.000068185478
0.000033	0.000070458507
0.000034	0.000072740165
0.000035	0.000075007825
0.000036	0.000077302696
0.000037	0.000079606271
0.000038	0.000081925524
0.000039	0.000084265506
0.000040	0.000086598705
0.000041	0.000088929032
0.000042	0.000091259506
0.000043	0.000093620479
0.000044	0.000095982861
0.000045	0.000098348816
0.000046	0.000100698349
0.000047	0.000103038608
0.000048	0.000105389990
0.000049	0.000107759341
0.000050	0.000110136012
0.000051	0.000112518391
0.000052	0.000114904993
0.000053	0.000117283412
0.000054	0.000119676109
0.000055	0.000122067493
0.000056	0.000124472350
0.000057	0.000126900347
0.000058	0.000129311194
0.000059	0.000131739797
0.000060	0.000134172053
0.000061	0.000136600949
0.000062	0.000139044261
0.000063	0.000141533378
0.000064	0.000144018695
0.000065	0.000146516422
0.000066	0.000149044949
0.000067	0.000151572464
0.000068	0.000154095333
0.000069	0.000156610075
0.000070	0.000159144851
0.000071	0.000161686033
0.000072	0.000164225161
0.000073	0.000166779522
0.000074	0.000169310262
0.000075	0.000171843159
0.000076	0.000174410353
0.000077	0.000177002423
0.000078	0.000179588121
0.000079	0.000182188221
0.000080	0.000184788344
0.000081	0.000187402934
0.000082	0.000190010576
0.000083	0.000192635977
0.000084	0.000195251615
0.000085	0.000197875841
0.000086	0.000200518002
0.000087	0.000203192456
0.000088	0.000205872150
0.000089	0.000208573421
0.000090	0.000211290080
0.000091	0.000213995215
0.000092	0.000216713791
0.000093	0.000219454059
0.000094	0.000222193360
0.000095	0.000224934740
0.000096	0.000227674073
0.000097	0.000230434562
0.000098	0.000233209037
0.000099	0.000235986307
0.000100	0.000238774069
0.000101	0.000241559396
0.000102	0.000244343592
0.000103	0.000247171794
0.000104	0.000249987847
0.000105	0.000252808419
0.000106	0.000255627735
0.000107	0.000258445105
0.000108	0.000261295572
0.000109	0.000264147015
0.000110	0.000267023466
0.000111	0.000269911811
0.000112	0.000272824332
0.000113	0.000275746295
0.000114	0.000278666727
0.000115	0.000281598249
0.000116	0.000284518441
0.000117	0.000287434193
0.000118	0.000290340001
0.000119	0.000293251498
0.000120	0.000296182491
0.000121	0.000299157567
0.000122	0.000302131786
0.000123	0.000305131750
0.000124	0.000308113620
0.000125	0.000311126956
0.000126	0.000314149895
0.000127	0.000317175814
0.000128	0.000320218118
0.000129	0.000323239553
0.000130	0.000326247773
0.000131	0.000329289971
0.000132	0.000332346376
0.000133	0.000335387029
0.000134	0.000338452242
0.000135	0.000341530955
0.000136	0.000344614166
0.000137	0.000347713651
0.000138	0.000350812031
0.000139	0.000353932597
0.000140	0.000357067924
0.000141	0.000360173042
0.000142	0.000363293134
0.000143	0.000366419978
0.000144	0.000369569969
0.000145	0.000372704147
0.000146	0.000375820274
0.000147	0.000378960117
0.000148	0.000382116538
0.000149	0.000385288137
0.000150	0.000388462031
0.000151	0.000391635263
0.000152	0.000394794554
0.000153	0.000397962088
0.000154	0.000401147973
0.000155	0.000404323151
0.000156	0.000407507612
0.000157	0.000410682879
0.000158	0.000413868027
0.000159	0.000417028502
0.000160	0.000420190141
0.000161	0.000423375074
0.000162	0.000426561534
0.000163	0.000429790505
0.000164	0.000433005138
0.000165	0.000436238974
0.000166	0.000439500184
0.000167	0.000442768343
0.000168	0.000446026397
0.000169	0.000449312206
0.000170	0.000452623578
0.000171	0.000455956688
0.000172	0.000459312608
0.000173	0.000462689441
0.000174	0.000466067503
0.000175	0.000469457217
0.000176	0.000472880136
0.000177	0.000476289336
0.000178	0.000479684588
0.000179	0.000483077605
0.000180	0.000486445963
0.000181	0.000489832910
0.000182	0.000493230071
0.000183	0.000496611012
0.000184	0.000499967856
0.000185	0.000503322857
0.000186	0.000506694699
0.000187	0.000510081143
0.000188	0.000513476824
0.000189	0.000516854753
0.000190	0.000520222032
0.000191	0.000523590472
0.000192	0.000526991228
0.000193	0.000530396149
0.000194	0.000533783284
0.000195	0.000537186088
0.000196	0.000540615776
0.000197	0.000544062771
0.000198	0.000547499845
0.000199	0.000550941669
0.000200	0.000554398044
0.000201	0.000557884332
0.000202	0.000561392886
0.000203	0.000564896691
0.000204	0.000568426479
0.000205	0.000571925911
0.000206	0.000575427279
0.000207	0.000578927916
0.000208	0.000582445827
0.000209	0.000585980099
0.000210	0.000589538983
0.000211	0.000593109885
0.000212	0.000596649912
0.000213	0.000600185987
0.000214	0.000603714371
0.000215	0.000607238695
0.000216	0.000610775203
0.000217	0.000614333537
0.000218	0.000617871258
0.000219	0.000621432895
0.000220	0.000624995651
0.000221	0.000628555961
0.000222	0.000632141239
0.000223	0.000635721416
0.000224	0.000639269731
0.000225	0.000642820708
0.000226	0.000646337503
0.000227	0.000649860291
0.000228	0.000653355576
0.000229	0.000656847020
0.000230	0.000660343948
0.000231	0.000663855050
0.000232	0.000667357798
0.000233	0.000670872400
0.000234	0.000674406048
0.000235	0.000677940971
0.000236	0.000681475761
0.000237	0.000684999345
0.000238	0.000688523523
0.000239	0.000692042086
0.000240	0.000695585616
0.000241	0.000699132417
0.000242	0.000702690984
0.000243	0.000706274528
0.000244	0.000709864475
0.000245	0.000713480688
0.000246	0.000717107548
0.000247	0.000720761395
0.000248	0.000724427024
0.000249	0.000728045857
0.000250	0.000731631308
0.000251	0.000735208997
0.000252	0.000738781232
0.000253	0.000742376483
0.000254	0.000745936560
0.000255	0.000749530782
0.000256	0.000753175810
0.000257	0.000756849323
0.000258	0.000760535818
0.000259	0.000764210085
0.000260	0.000767903246
0.000261	0.000771641555
0.000262	0.000775387700
0.000263	0.000779139589
0.000264	0.000782889390
0.000265	0.000786633691
0.000266	0.000790392970
0.000267	0.000794157350
0.000268	0.000797948861
0.000269	0.000801769794
0.000270	0.000805606721
0.000271	0.000809432366
0.000272	0.000813255370
0.000273	0.000817092899
0.000274	0.000820935803
0.000275	0.000824797672
0.000276	0.000828668886
0.000277	0.000832566758
0.000278	0.000836456808
0.000279	0.000840292612
0.000280	0.000844123187
0.000281	0.000847945301
0.000282	0.000851760762
0.000283	0.000855576449
0.000284	0.000859381169
0.000285	0.000863194736
0.000286	0.000867031730
0.000287	0.000870900383
0.000288	0.000874779257
0.000289	0.000878642576
0.000290	0.000882561401
0.000291	0.000886474724
0.000292	0.000890414787
0.000293	0.000894350614
0.000294	0.000898284496
0.000295	0.000902237310
0.000296	0.000906204612
0.000297	0.000910194401
0.000298	0.000914183609
0.000299	0.000918189363
0.000300	0.000922193615
0.000301	0.000926221523
0.000302	0.000930306958
0.000303	0.000934420802
0.000304	0.000938568969
0.000305	0.000942718258
0.000306	0.000946879211
0.000307	0.000951027891
0.000308	0.000955235595
0.000309	0.000959431961
0.000310	0.000963636801
0.000311	0.000967834084
0.000312	0.000972082341
0.000313	0.000976334467
0.000314	0.000980639533
0.000315	0.000984960996
0.000316	0.000989292759
0.000317	0.000993616028
0.000318	0.000997898275
0.000319	0.001002153656
0.000320	0.001006433323
0.000321	0.001010727495
0.000322	0.001014995093
0.000323	0.001019275239
0.000324	0.001023571111
0.000325	0.001027889887
0.000326	0.001032191703
0.000327	0.001036521008
0.000328	0.001040865430
0.000329	0.001045241201
0.000330	0.001049614553
0.000331	0.001053999154
0.000332	0.001058428219
0.000333	0.001062867043
0.000334	0.001067340791
0.000335	0.001071842289
0.000336	0.001076352922
0.000337	0.001080910035
0.000338	0.001085500530
0.000339	0.001090083299
0.000340	0.001094603275
0.000341	0.001099165595
0.000342	0.001103721310
0.000343	0.001108269377
0.000344	0.001112862759
0.000345	0.001117476108
0.000346	0.001122054077
0.000347	0.001126642566
0.000348	0.001131251499
0.000349	0.001135861972
0.000350	0.001140467049
0.000351	0.001145045840
0.000352	0.001149625813
0.000353	0.001154217344
0.000354	0.001158852150
0.000355	0.001163515443
0.000356	0.001168204681
0.000357	0.001172894784
0.000358	0.001177622796
0.000359	0.001182359179
0.000360	0.001187066124
0.000361	0.001191767589
0.000362	0.001196458907
0.000363	0.001201167867
0.000364	0.001205864234
0.000365	0.001210526767
0.000366	0.001215213728
0.000367	0.001219869192
0.000368	0.001224555816
0.000369	0.001229261268
0.000370	0.001233991991
0.000371	0.001238752326
0.000372	0.001243473170
0.000373	0.001248198737
0.000374	0.001252914955
0.000375	0.001257614553
0.000376	0.001262278278
0.000377	0.001266971437
0.000378	0.001271655664
0.000379	0.001276385256
0.000380	0.001281126881
0.000381	0.001285824819
0.000382	0.001290546977
0.000383	0.001295237008
0.000384	0.001299946952
0.000385	0.001304650035
0.000386	0.001309341623
0.000387	0.001314046899
0.000388	0.001318784302
0.000389	0.001323522721
0.000390	0.001328229917
0.000391	0.001332965299
0.000392	0.001337691839
0.000393	0.001342436361
0.000394	0.001347173915
0.000395	0.001351870017
0.000396	0.001356571964
0.000397	0.001361266345
0.000398	0.001365953383
0.000399	0.001370644936
0.000400	0.001375357580
0.000401	0.001380098517
0.000402	0.001384844228
0.000403	0.001389595206
0.000404	0.001394377328
0.000405	0.001399152457
0.000406	0.001403974100
0.000407	0.001408851309
0.000408	0.001413713530
0.000409	0.001418609661
0.000410	0.001423485749
0.000411	0.001428409982
0.000412	0.001433410729
0.000413	0.001438424558
0.000414	0.001443418864
0.000415	0.001448404525
0.000416	0.001453391625
0.000417	0.001458406793
0.000418	0.001463440981
0.000419	0.001468533053
0.000420	0.001473644532
0.000421	0.001478758208
0.000422	0.001483874962
0.000423	0.001489015352
0.000424	0.001494166146
0.000425	0.001499416758
0.000426	0.001504678578
0.000427	0.001509931417
0.000428	0.001515238979
0.000429	0.001520569175
0.000430	0.001525944772
0.000431	0.001531401638
0.000432	0.001536842350
0.000433	0.001542298194
0.000434	0.001547774145
0.000435	0.001553254621
0.000436	0.001558709342
0.000437	0.001564214501
0.000438	0.001569725513
0.000439	0.001575254522
0.000440	0.001580828333
0.000441	0.001586397808
0.000442	0.001591947695
0.000443	0.001597511230
0.000444	0.001603047695
0.000445	0.001608539567
0.000446	0.001614005907
0.000447	0.001619476963
0.000448	0.001624959487
0.000449	0.001630449748
0.000450	0.001635881972
0.000451	0.001641302114
0.000452	0.001646703352
0.000453	0.001652120859
0.000454	0.001657532005
0.000455	0.001662906845
0.000456	0.001668321203
0.000457	0.001673707856
0.000458	0.001679079263
0.000459	0.001684471529
0.000460	0.001689894859
0.000461	0.001695287487
0.000462	0.001700701515
0.000463	0.001706096867
0.000464	0.001711519422
0.000465	0.001716979177
0.000466	0.001722423410
0.000467	0.001727909551
0.000468	0.001733413226
0.000469	0.001738987723
0.000470	0.001744581730
0.000471	0.001750115473
0.000472	0.001755631817
0.000473	0.001761181612
0.000474	0.001766717787
0.000475	0.001772218113
0.000476	0.001777722212
0.000477	0.001783232762
0.000478	0.001788754106
0.000479	0.001794266961
0.000480	0.001799803145
0.000481	0.001805350990
0.000482	0.001810860729
0.000483	0.001816355599
0.000484	0.001821882597
0.000485	0.001827423220
0.000486	0.001832987910
0.000487	0.001838643108
0.000488	0.001844284937
0.000489	0.001849891229
0.000490	0.001855433329
0.000491	0.001860940937
0.000492	0.001866487763
0.000493	0.001872030545
0.000494	0.001877553840
0.000495	0.001883061583
0.000496	0.001888528072
0.000497	0.001894004557
0.000498	0.001899538131
0.000499	0.001905090081
0.000500	0.001910665920
0.000501	0.001916237303
0.000502	0.001921750298
0.000503	0.001927268480
0.000504	0.001932813476
0.000505	0.001938404868
0.000506	0.001944006804
0.000507	0.001949545625
0.000508	0.001955103994
0.000509	0.001960724838
0.000510	0.001966376664
0.000511	0.001972009130
0.000512	0.001977643292
0.000513	0.001983204578
0.000514	0.001988721437
0.000515	0.001994371057
0.000516	0.002000071081
0.000517	0.002005758871
0.000518	0.002011478627
0.000519	0.002017214516
0.000520	0.002022827010
0.000521	0.002028405836
0.000522	0.002034026640
0.000523	0.002039662685
0.000524	0.002045343726
0.000525	0.002051024249
0.000526	0.002056653288
0.000527	0.002062241412
0.000528	0.002067848882
0.000529	0.002073559462
0.000530	0.002079257027
0.000531	0.002084978672
0.000532	0.002090670503
0.000533	0.002096452190
0.000534	0.002102230780
0.000535	0.002108086607
0.000536	0.002113955262
0.000537	0.002119857955
0.000538	0.002125710554
0.000539	0.002131547293
0.000540	0.002137388975
0.000541	0.002143195214
0.000542	0.002148979642
0.000543	0.002154781646
0.000544	0.002160666205
0.000545	0.002166588352
0.000546	0.002172538117
0.000547	0.002178427710
0.000548	0.002184289843
0.000549	0.002190115203
0.000550	0.002196030144
0.000551	0.002201878528
0.000552	0.002207641852
0.000553	0.002213472326
0.000554	0.002219203853
0.000555	0.002224910659
0.000556	0.002230549240
0.000557	0.002236203669
0.000558	0.002241825945
0.000559	0.002247396541
0.000560	0.002252947992
0.000561	0.002258431226
0.000562	0.002264000050
0.000563	0.002269594734
0.000564	0.002275236733
0.000565	0.002280857808
0.000566	0.002286458569
0.000567	0.002292029230
0.000568	0.002297589901
0.000569	0.002303133845
0.000570	0.002308707972
0.000571	0.002314373395
0.000572	0.002320099744
0.000573	0.002325841615
0.000574	0.002331591640
0.000575	0.002337415271
0.000576	0.002343255846
0.000577	0.002349092471
0.000578	0.002354972993
0.000579	0.002360798556
0.000580	0.002366689622
0.000581	0.002372561009
0.000582	0.002378374525
0.000583	0.002384215761
0.000584	0.002389943465
0.000585	0.002395723998
0.000586	0.002401552101
0.000587	0.002407347548
0.000588	0.002413027077
0.000589	0.002418606894
0.000590	0.002424176233
0.000591	0.002429732132
0.000592	0.002435266551
0.000593	0.002440789281
0.000594	0.002446282814
0.000595	0.002451890494
0.000596	0.002457597320
0.000597	0.002463349140
0.000598	0.002469058883
0.000599	0.002474741896
0.000600	0.002480412965
0.000601	0.002486115319
0.000602	0.002491869179
0.000603	0.002497716512
0.000604	0.002503561482
0.000605	0.002509461861
0.000606	0.002515360879
0.000607	0.002521224996
0.000608	0.002527122137
0.000609	0.002533068780
0.000610	0.002539048247
0.000611	0.002545072465
0.000612	0.002551118664
0.000613	0.002557202578
0.000614	0.002563278228
0.000615	0.002569351170
0.000616	0.002575291292
0.000617	0.002581164604
0.000618	0.002587036688
0.000619	0.002592845508
0.000620	0.002598839504
0.000621	0.002604832609
0.000622	0.002610863791
0.000623	0.002616904121
0.000624	0.002622946442
0.000625	0.002628982267
0.000626	0.002634966320
0.000627	0.002641014708
0.000628	0.002647022755
0.000629	0.002653055150
0.000630	0.002659002137
0.000631	0.002664834846
0.000632	0.002670723026
0.000633	0.002676591368
0.000634	0.002682468694
0.000635	0.002688347504
0.000636	0.002694301411
0.000637	0.002700194663
0.000638	0.002706100035
0.000639	0.002712065382
0.000640	0.002718060906
0.000641	0.002724086999
0.000642	0.002730138564
0.000643	0.002736207279
0.000644	0.002742408292
0.000645	0.002748647553
0.000646	0.002754906916
0.000647	0.002761190567
0.000648	0.002767519073
0.000649	0.002773862928
0.000650	0.002780150714
0.000651	0.002786454039
0.000652	0.002792819762
0.000653	0.002799134143
0.000654	0.002805411419
0.000655	0.002811682737
0.000656	0.002818021020
0.000657	0.002824473966
0.000658	0.002831036643
0.000659	0.002837584112
0.000660	0.002844160874
0.000661	0.002850752666
0.000662	0.002857412227
0.000663	0.002864113540
0.000664	0.002870932006
0.000665	0.002877797516
0.000666	0.002884621193
0.000667	0.002891490011
0.000668	0.002898368219
0.000669	0.002905267923
0.000670	0.002912058235
0.000671	0.002918874777
0.000672	0.002925779625
0.000673	0.002932776509
0.000674	0.002939804639
0.000675	0.002946826938
0.000676	0.002953763461
0.000677	0.002960782093
0.000678	0.002967756920
0.000679	0.002974788846
0.000680	0.002981736351
0.000681	0.002988579241
0.000682	0.002995552186
0.000683	0.003002540880
0.000684	0.003009545877
0.000685	0.003016436034
0.000686	0.003023317027
0.000687	0.003030162456
0.000688	0.003037076448
0.000689	0.003043801343
0.000690	0.003050452583
0.000691	0.003057141949
0.000692	0.003063923314
0.000693	0.003070689130
0.000694	0.003077399255
0.000695	0.003084305463
0.000696	0.003091124743
0.000697	0.003097953556
0.000698	0.003104785322
0.000699	0.003111719771
0.000700	0.003118702869
0.000701	0.003125756925
0.000702	0.003132838476
0.000703	0.003139914583
0.000704	0.003146974498
0.000705	0.003154073002
0.000706	0.003161141707
0.000707	0.003168237604
0.000708	0.003175223009
0.000709	0.003182213659
0.000710	0.003189254568
0.000711	0.003196264409
0.000712	0.003203286960
0.000713	0.003210082670
0.000714	0.003216940841
0.000715	0.003223957084
0.000716	0.003231018922
0.000717	0.003238024355
0.000718	0.003245032945
0.000719	0.003252085364
0.000720	0.003259119104
0.000721	0.003266013707
0.000722	0.003272964202
0.000723	0.003279721595
0.000724	0.003286428233
0.000725	0.003293127488
0.000726	0.003299731171
0.000727	0.003306501039
0.000728	0.003313324762
0.000729	0.003320292499
0.000730	0.003327279358
0.000731	0.003334195004
0.000732	0.003341342831
0.000733	0.003348514400
0.000734	0.003355700308
0.000735	0.003362824384
0.000736	0.003369933966
0.000737	0.003376932615
0.000738	0.003384000467
0.000739	0.003391090349
0.000740	0.003398224382
0.000741	0.003405523746
0.000742	0.003412873802
0.000743	0.003420191184
0.000744	0.003427547225
0.000745	0.003435068067
0.000746	0.003442725645
0.000747	0.003450377368
0.000748	0.003457917686
0.000749	0.003465536014
0.000750	0.003473036536
0.000751	0.003480572654
0.000752	0.003487878442
0.000753	0.003495180936
0.000754	0.003502486046
0.000755	0.003509808665
0.000756	0.003517107849
0.000757	0.003524407124
0.000758	0.003531868884
0.000759	0.003539434962
0.000760	0.003547139912
0.000761	0.003554716341
0.000762	0.003562278267
0.000763	0.003569705959
0.000764	0.003576940458
0.000765	0.003584279182
0.000766	0.003591638033
0.000767	0.003599016741
0.000768	0.003606431090
0.000769	0.003613791553
0.000770	0.003621190080
0.000771	0.003628642521
0.000772	0.003636234772
0.000773	0.003643783067
0.000774	0.003651327673
0.000775	0.003658652999
0.000776	0.003666058370
0.000777	0.003673653692
0.000778	0.003681008163
0.000779	0.003688402435
0.000780	0.003695886618
0.000781	0.003703467842
0.000782	0.003711061369
0.000783	0.003718675593
0.000784	0.003726331369
0.000785	0.003734009732
0.000786	0.003741638278
0.000787	0.003749369599
0.000788	0.003757070426
0.000789	0.003764740244
0.000790	0.003772228672
0.000791	0.003779698677
0.000792	0.003787305355
0.000793	0.003795053362
0.000794	0.003802949836
0.000795	0.003810822183
0.000796	0.003818613785
0.000797	0.003826358726
0.000798	0.003834309418
0.000799	0.003842331568
0.000800	0.003850239935
0.000801	0.003858130772
0.000802	0.003866162913
0.000803	0.003874140193
0.000804	0.003882393699
0.000805	0.003890799421
0.000806	0.003899501121
0.000807	0.003908100256
0.000808	0.003916601044
0.000809	0.003925133049
0.000810	0.003933581243
0.000811	0.003942025764
0.000812	0.003950461602
0.000813	0.003958620838
0.000814	0.003966801941
0.000815	0.003974912924
0.000816	0.003983020904
0.000817	0.003991049823
0.000818	0.003998902338
0.000819	0.004006761121
0.000820	0.004014765275
0.000821	0.004022822338
0.000822	0.004030960582
0.000823	0.004039223352
0.000824	0.004047306268
0.000825	0.004055526064
0.000826	0.004063986607
0.000827	0.004072390052
0.000828	0.004081035958
0.000829	0.004089791394
0.000830	0.004098340081
0.000831	0.004107162650
0.000832	0.004116237638
0.000833	0.004125504396
0.000834	0.004134753459
0.000835	0.004144019530
0.000836	0.004153294585
0.000837	0.004162827926
0.000838	0.004172040091
0.000839	0.004181596659
0.000840	0.004191146648
0.000841	0.004200591613
0.000842	0.004209995286
0.000843	0.004219183588
0.000844	0.004228419582
0.000845	0.004237684861
0.000846	0.004247082085
0.000847	0.004256448116
0.000848	0.004265730069
0.000849	0.004275000496
0.000850	0.004284272315
0.000851	0.004293400864
0.000852	0.004302473674
0.000853	0.004311525712
0.000854	0.004320683829
0.000855	0.004329828943
0.000856	0.004338701794
0.000857	0.004347637957
0.000858	0.004356811383
0.000859	0.004366191613
0.000860	0.004375246272
0.000861	0.004384112738
0.000862	0.004393176195
0.000863	0.004402097720
0.000864	0.004411371351
0.000865	0.004420697929
0.000866	0.004430157490
0.000867	0.004439850815
0.000868	0.004449329641
0.000869	0.004459061949
0.000870	0.004468547356
0.000871	0.004478284967
0.000872	0.004488176484
0.000873	0.004497927535
0.000874	0.004507425935
0.000875	0.004516768669
0.000876	0.004525882308
0.000877	0.004535034993
0.000878	0.004544091285
0.000879	0.004553262022
0.000880	0.004562104636
0.000881	0.004570998322
0.000882	0.004580101913
0.000883	0.004589300426
0.000884	0.004598642339
0.000885	0.004607904456
0.000886	0.004617105289
0.000887	0.004626841771
0.000888	0.004636524175
0.000889	0.004645867143
0.000890	0.004655154471
0.000891	0.004664554908
0.000892	0.004674373029
0.000893	0.004683864060
0.000894	0.004693816592
0.000895	0.004703865655
0.000896	0.004714065528
0.000897	0.004724401994
0.000898	0.004734968738
0.000899	0.004745792626
0.000900	0.004756451741
0.000901	0.004766931084
0.000902	0.004777553872
0.000903	0.004787943410
0.000904	0.004798153102
0.000905	0.004808335693
0.000906	0.004818388801
0.000907	0.004828210606
0.000908	0.004838259336
0.000909	0.004848030105
0.000910	0.004857488694
0.000911	0.004867206464
0.000912	0.004877480334
0.000913	0.004887427205
0.000914	0.004897781165
0.000915	0.004908221461
0.000916	0.004918999553
0.000917	0.004930493557
0.000918	0.004941664911
0.000919	0.004953077209
0.000920	0.004964443605
0.000921	0.004975500418
0.000922	0.004986765012
0.000923	0.004997636325
0.000924	0.005008087575
0.000925	0.005018176319
0.000926	0.005028073374
0.000927	0.005037640333
0.000928	0.005047344414
0.000929	0.005057484596
0.000930	0.005067559348
0.000931	0.005076972658
0.000932	0.005086657821
0.000933	0.005096107914
0.000934	0.005105522655
0.000935	0.005115131951
0.000936	0.005124795353
0.000937	0.005134419867
0.000938	0.005144507601
0.000939	0.005154365561
0.000940	0.005164254294
0.000941	0.005173444767
0.000942	0.005182685237
0.000943	0.005191111621
0.000944	0.005200157175
0.000945	0.005209279337
0.000946	0.005216991674
0.000947	0.005225561113
0.000948	0.005234246164
0.000949	0.005243586463
0.000950	0.005252032450
0.000951	0.005260698100
0.000952	0.005269363573
0.000953	0.005277782882
0.000954	0.005287021539
0.000955	0.005296322724
0.000956	0.005305837274
0.000957	0.005315477988
0.000958	0.005324378505
0.000959	0.005332395969
0.000960	0.005339454365
0.000961	0.005347407016
0.000962	0.005354525706
0.000963	0.005360416468
0.000964	0.005365930104
0.000965	0.005371236970
0.000966	0.005375813564
0.000967	0.005379187877
0.000968	0.005383152383
0.000969	0.005386365095
0.000970	0.005389397650
0.000971	0.005391492904
0.000972	0.005393982790
0.000973	0.005397486350
0.000974	0.005401279923
0.000975	0.005405213873
0.000976	0.005410374201
0.000977	0.005415249703
0.000978	0.005419991505
0.000979	0.005424915335
0.000980	0.005430850629
0.000981	0.005438003993
0.000982	0.005446988389
0.000983	0.005456783905
0.000984	0.005462752421
0.000985	0.005467541664
0.000986	0.005474335434
0.000987	0.005482855279
0.000988	0.005490004610
0.000989	0.005495652429
0.000990	0.005501873496
0.000991	0.005510139480
0.000992	0.005517049711
0.000993	0.005522964359
0.000994	0.005530682844
0.000995	0.005541276946
0.000996	0.005549918545
0.000997	0.005566312494
0.000998	0.005581484998
0.000999	0.005584215499
