100.000000	556.750559169691
200.000000	617.791842789080
300.000000	649.690267668790
400.000000	672.168430971040
500.000000	692.796870307662
600.000000	706.241890412028
700.000000	720.833039680016
800.000000	727.251445234375
900.000000	737.279738221667
1000.000000	744.376894106099
1100.000000	753.990993236832
1200.000000	762.786597230181
1300.000000	772.339240537724
1400.000000	778.235169642023
1500.000000	784.282148654340
1600.000000	788.174163380521
1700.000000	794.639126943657
1800.000000	798.482806088752
1900.000000	808.384413767839
2000.000000	816.072934885276
2100.000000	825.360750427702
2200.000000	829.427288737614
2300.000000	836.867433173116
2400.000000	846.073578648036
2500.000000	851.517545902403
2600.000000	856.472733282018
2700.000000	861.487542467425
2800.000000	868.083248215029
2900.000000	875.020090454258
3000.000000	880.888973117806
3100.000000	887.865536784753
3200.000000	895.079280099366
3300.000000	902.029260170646
3400.000000	909.310777413193
3500.000000	915.434222536627
3600.000000	921.643022972159
3700.000000	926.635829684790
3800.000000	934.985456945840
3900.000000	941.360750247259
4000.000000	950.927836444229
4100.000000	953.275544788223
4200.000000	958.390838476829
4300.000000	963.329697484151
4400.000000	971.008195573464
4500.000000	976.803651766852
4600.000000	985.809088981710
4700.000000	990.522266273387
4800.000000	997.327862940729
4900.000000	1005.267422044650
5000.000000	1010.493845853023
5100.000000	1020.087418923154
5200.000000	1022.103684280999
5300.000000	1033.564943620004
5400.000000	1040.527796923183
5500.000000	1045.806282409467
5600.000000	1052.234606510960
5700.000000	1063.520349538885
5800.000000	1068.277772122994
5900.000000	1072.834420427680
6000.000000	1077.706122925505
6100.000000	1084.188207989559
6200.000000	1093.620442088693
6300.000000	1101.847415249795
6400.000000	1105.768502550200
6500.000000	1114.685349829495
6600.000000	1115.978280251846
6700.000000	1125.594452593476
6800.000000	1137.206012809649
6900.000000	1138.069107243791
7000.000000	1148.442949067801
7100.000000	1156.640544449911
7200.000000	1159.089770210907
7300.000000	1166.848205707967
7400.000000	1173.352499503642
7500.000000	1181.405467808247
7600.000000	1185.939740041271
7700.000000	1190.023239105940
7800.000000	1196.050893032923
7900.000000	1202.043793365359
8000.000000	1206.847425678745
8100.000000	1215.881716260687
8200.000000	1223.974674908444
8300.000000	1231.951746560633
8400.000000	1235.044838950038
8500.000000	1242.323783759028
8600.000000	1249.372297920287
8700.000000	1258.255354292691
8800.000000	1259.162317901850
8900.000000	1274.091133803129
9000.000000	1277.901014387608
9100.000000	1288.429264247417
9200.000000	1290.233955949545
9300.000000	1295.993868958205
9400.000000	1304.280570738018
9500.000000	1310.662899162620
9600.000000	1317.232234109193
9700.000000	1322.130628544837
9800.000000	1329.298405956477
9900.000000	1337.542583007365
10000.000000	1339.206762533635
10100.000000	1352.444364558905
10200.000000	1357.518999096006
10300.000000	1364.930492263287
10400.000000	1373.404350288212
10500.000000	1379.635187409818
10600.000000	1389.057942848653
10700.000000	1393.550862889737
10800.000000	1398.096984155476
10900.000000	1405.066590011120
11000.000000	1418.318448197097
11100.000000	1420.971341755241
11200.000000	1427.542642924935
11300.000000	1434.246906511486
11400.000000	1440.100683018565
11500.000000	1450.524025563151
11600.000000	1455.346176058054
11700.000000	1461.967063561082
11800.000000	1468.776854746044
11900.000000	1476.513469919562
12000.000000	1481.852845922112
12100.000000	1486.706086918712
12200.000000	1492.814727284014
12300.000000	1501.595216192305
12400.000000	1506.055718913674
12500.000000	1510.706417247653
12600.000000	1518.106765955687
12700.000000	1523.902488090098
12800.000000	1536.628986775875
12900.000000	1540.911368668079
13000.000000	1548.400555461645
13100.000000	1555.919144101441
13200.000000	1559.306015938520
13300.000000	1567.509922325611
13400.000000	1578.251624412835
13500.000000	1587.990275368094
13600.000000	1594.241972558200
13700.000000	1600.878842391074
13800.000000	1605.445573322475
13900.000000	1607.718578025699
14000.000000	1616.101012453437
14100.000000	1620.851677529514
14200.000000	1625.273506283760
14300.000000	1633.974363267422
14400.000000	1638.856770068407
14500.000000	1643.824186116457
14600.000000	1651.445767737925
14700.000000	1657.255436234176
14800.000000	1661.034661434591
14900.000000	1669.205793410540
15000.000000	1673.563755549490
15100.000000	1681.817628189921
15200.000000	1688.647325620055
15300.000000	1693.746451348066
15400.000000	1700.032551750541
15500.000000	1705.977979786694
15600.000000	1711.158845558763
15700.000000	1721.329205818474
15800.000000	1727.580613017082
15900.000000	1734.025033168495
16000.000000	1736.443756677210
16100.000000	1746.917257167399
16200.000000	1749.937430359423
16300.000000	1758.252437978983
16400.000000	1767.264755025506
16500.000000	1773.199936598539
16600.000000	1776.391714885831
16700.000000	1784.960504353046
16800.000000	1792.335721477866
16900.000000	1799.637309566140
17000.000000	1808.219784602523
17100.000000	1813.466299727559
17200.000000	1819.369938880205
17300.000000	1827.812391221523
17400.000000	1835.099950402975
17500.000000	1840.014892295003
17600.000000	1844.536551579833
17700.000000	1850.768041461706
17800.000000	1859.697833880782
17900.000000	1867.775377362967
18000.000000	1872.913399234414
18100.000000	1878.862551867962
18200.000000	1882.220970541239
18300.000000	1890.793419197202
18400.000000	1897.587861165404
18500.000000	1900.311269521713
18600.000000	1906.951861754060
18700.000000	1913.661689445376
18800.000000	1921.024446651340
18900.000000	1925.698631584644
19000.000000	1933.160943150520
19100.000000	1937.606109380722
19200.000000	1940.177698984742
19300.000000	1949.658993288875
19400.000000	1949.318318337202
19500.000000	1957.880163982511
19600.000000	1962.311586692929
19700.000000	1970.714209318161
19800.000000	1975.687367394567
19900.000000	1989.361058428884
20000.000000	1991.813669070601
20100.000000	1996.413988202810
20200.000000	2000.964022368193
20300.000000	2006.976045027375
20400.000000	2012.401068270206
20500.000000	2018.325870782137
20600.000000	2028.210961118340
20700.000000	2036.210715949535
20800.000000	2039.018931925297
20900.000000	2047.448653072119
21000.000000	2055.677577450871
21100.000000	2063.881075516343
21200.000000	2067.648020654917
21300.000000	2074.227407500148
21400.000000	2083.640126496553
21500.000000	2091.056083962321
21600.000000	2097.563642203808
21700.000000	2102.649983197451
21800.000000	2109.858930334449
21900.000000	2114.500145539641
22000.000000	2121.863694846630
22100.000000	2128.317949175835
22200.000000	2135.516721919179
22300.000000	2143.526904940605
22400.000000	2147.172390639782
22500.000000	2151.105780676007
22600.000000	2159.673097208142
22700.000000	2165.888057440519
22800.000000	2177.135937690735
22900.000000	2185.364664420485
23000.000000	2189.220162421465
23100.000000	2195.450398862362
23200.000000	2204.879677623510
23300.000000	2210.297425627708
23400.000000	2216.206426918507
23500.000000	2223.537932246923
23600.000000	2230.349701970816
23700.000000	2235.983897209167
23800.000000	2246.499174237251
23900.000000	2247.278688699007
24000.000000	2257.973621129990
24100.000000	2261.767580419779
24200.000000	2269.568091988564
24300.000000	2276.916183352470
24400.000000	2280.847220480442
24500.000000	2290.000624090433
24600.000000	2298.406194061041
24700.000000	2304.758009225130
24800.000000	2308.314204990864
24900.000000	2312.986137092113
25000.000000	2320.338502526283
25100.000000	2326.220006585121
25200.000000	2331.591798961163
25300.000000	2338.274419933558
25400.000000	2345.132526427507
25500.000000	2352.171269595623
25600.000000	2354.669909060001
25700.000000	2363.037177294493
25800.000000	2370.960229396820
25900.000000	2370.196115255356
26000.000000	2380.050645828247
26100.000000	2388.177170455456
26200.000000	2394.655851334333
26300.000000	2399.646165698767
26400.000000	2401.701672255993
26500.000000	2413.329261362553
26600.000000	2417.551820635796
26700.000000	2424.143223613501
26800.000000	2431.439192295074
26900.000000	2435.822715729475
27000.000000	2440.490261435509
27100.000000	2448.549231261015
27200.000000	2454.283148795366
27300.000000	2459.846324503422
27400.000000	2465.573189646006
27500.000000	2470.444977104664
27600.000000	2482.421786457300
27700.000000	2486.315985351801
27800.000000	2492.877038091421
27900.000000	2498.494558155537
28000.000000	2502.491301357746
28100.000000	2511.390441507101
28200.000000	2517.942534655333
28300.000000	2523.694600045681
28400.000000	2532.521471351385
28500.000000	2536.787102043629
28600.000000	2543.912590682507
28700.000000	2550.101242184639
28800.000000	2555.758339166641
28900.000000	2559.961503595114
29000.000000	2564.313570320606
29100.000000	2567.839270532131
29200.000000	2583.844385445118
29300.000000	2586.094844579697
29400.000000	2588.958889275789
29500.000000	2599.311442643404
29600.000000	2608.662346214056
29700.000000	2609.924350947142
29800.000000	2617.478112280369
29900.000000	2626.407034307718
30000.000000	2634.316667288542
30100.000000	2637.420074105263
30200.000000	2644.176994562149
30300.000000	2651.437512576580
30400.000000	2655.883974730968
30500.000000	2660.886734753847
30600.000000	2666.299767285585
30700.000000	2676.627919852734
30800.000000	2672.313452929258
30900.000000	2682.589387118816
31000.000000	2687.247756004333
31100.000000	2699.286025434732
31200.000000	2698.031251490116
31300.000000	2708.417415291071
31400.000000	2708.424575686455
31500.000000	2707.383198618889
31600.000000	2719.022391647100
31700.000000	2728.316617548466
31800.000000	2734.878444969654
31900.000000	2743.506263345480
32000.000000	2748.146175712347
32100.000000	2753.381496161222
32200.000000	2761.030483961105
32300.000000	2768.268035531044
32400.000000	2779.857951611280
32500.000000	2780.967401504517
32600.000000	2791.956346929073
32700.000000	2797.620270431042
32800.000000	2802.591411709785
32900.000000	2806.761944174767
33000.000000	2808.666150003672
33100.000000	2815.635114729404
33200.000000	2824.637167990208
33300.000000	2832.781027615070
33400.000000	2836.265284478664
33500.000000	2841.260418772697
33600.000000	2847.179616868496
33700.000000	2851.392084240913
33800.000000	2855.663234770298
33900.000000	2858.262607455254
34000.000000	2866.828740119934
34100.000000	2876.100715756416
34200.000000	2876.313927471638
34300.000000	2885.871466398239
34400.000000	2887.102596580982
34500.000000	2891.373514175415
34600.000000	2899.524544358253
34700.000000	2907.056670784950
34800.000000	2909.431859731674
34900.000000	2916.618155896664
35000.000000	2914.881219267845
35100.000000	2923.993538439274
35200.000000	2926.012841582298
35300.000000	2931.993601322174
35400.000000	2939.228735029697
35500.000000	2948.776984512806
35600.000000	2953.032712697983
35700.000000	2955.449430525303
35800.000000	2964.382319867611
35900.000000	2967.065940916538
36000.000000	2969.284882009029
36100.000000	2975.718978822231
36200.000000	2982.135624527931
36300.000000	2990.366380751133
36400.000000	3001.334673225880
36500.000000	3006.185012757778
36600.000000	3011.490071356297
36700.000000	3017.382572829723
36800.000000	3022.821753144264
36900.000000	3030.546806633472
37000.000000	3034.064921200275
37100.000000	3041.239166438580
37200.000000	3050.100435435772
37300.000000	3055.517370164394
37400.000000	3061.965893805027
37500.000000	3065.665004491806
37600.000000	3068.978759467602
37700.000000	3076.711831629276
37800.000000	3078.812352240086
37900.000000	3084.079227209091
38000.000000	3092.458530783653
38100.000000	3103.717326819897
38200.000000	3104.461895883083
38300.000000	3110.518479228020
38400.000000	3116.361716389656
38500.000000	3118.154605925083
38600.000000	3126.644626617432
38700.000000	3128.503554761410
38800.000000	3136.823133170605
38900.000000	3140.152402162552
39000.000000	3147.706993281841
39100.000000	3155.748657524586
39200.000000	3158.661527872086
39300.000000	3165.420477330685
39400.000000	3168.611412942410
39500.000000	3172.493143379688
39600.000000	3184.859436869621
39700.000000	3184.285926520824
39800.000000	3195.968785524368
39900.000000	3198.480147600174
40000.000000	3200.237019300461
40100.000000	3207.074507713318
40200.000000	3216.384112834930
40300.000000	3219.228184700012
40400.000000	3227.245015382767
40500.000000	3230.443374395370
40600.000000	3243.279914677143
40700.000000	3248.344718694687
40800.000000	3253.541635513306
40900.000000	3261.232691645622
41000.000000	3265.432384014130
41100.000000	3275.893377125263
41200.000000	3280.404135584831
41300.000000	3280.288924396038
41400.000000	3285.163924753666
41500.000000	3295.694735527039
41600.000000	3300.249465286732
41700.000000	3307.881162762642
41800.000000	3311.704252183437
41900.000000	3318.517907619476
42000.000000	3327.220521032810
42100.000000	3329.199726343155
42200.000000	3335.489206552505
42300.000000	3336.864547073841
42400.000000	3346.339684605598
42500.000000	3350.033475160599
42600.000000	3359.063970148563
42700.000000	3363.261171221733
42800.000000	3369.960019052029
42900.000000	3380.368484377861
43000.000000	3382.010816097260
43100.000000	3389.790507137775
43200.000000	3391.925159633160
43300.000000	3396.946596622467
43400.000000	3401.385666131973
43500.000000	3408.537851989269
43600.000000	3421.545348405838
43700.000000	3424.295126795769
43800.000000	3426.241169214249
43900.000000	3434.622113525867
44000.000000	3446.557952821255
44100.000000	3446.965982317924
44200.000000	3454.628658592701
44300.000000	3465.102353274822
44400.000000	3469.575114071369
44500.000000	3475.730051994324
44600.000000	3482.468825280666
44700.000000	3490.748633265495
44800.000000	3495.432475149632
44900.000000	3500.588891685009
45000.000000	3508.562028169632
45100.000000	3508.401700377464
45200.000000	3523.648684024811
45300.000000	3524.341007709503
45400.000000	3528.090320765972
45500.000000	3532.637587904930
45600.000000	3537.023794949055
45700.000000	3542.483896195889
45800.000000	3550.255232393742
45900.000000	3551.072228372097
46000.000000	3561.725605010986
46100.000000	3565.478967368603
46200.000000	3570.009386003017
46300.000000	3577.030661225319
46400.000000	3584.886821925640
46500.000000	3590.379173994064
46600.000000	3594.312644779682
46700.000000	3598.637642979622
46800.000000	3604.643356621265
46900.000000	3613.964118957520
47000.000000	3616.336893200874
47100.000000	3623.661150336266
47200.000000	3629.767540931702
47300.000000	3631.595244526863
47400.000000	3634.782937765121
47500.000000	3641.517742276192
47600.000000	3648.265689373016
47700.000000	3649.997319579124
47800.000000	3656.746873974800
47900.000000	3660.829984068871
48000.000000	3670.748706221581
48100.000000	3670.932713866234
48200.000000	3673.453146696091
48300.000000	3682.342443704605
48400.000000	3690.121330738068
48500.000000	3689.528426766396
48600.000000	3697.185445904732
48700.000000	3701.202118396759
48800.000000	3711.663781762123
48900.000000	3716.817409276962
49000.000000	3724.361018300056
49100.000000	3730.704943299294
49200.000000	3731.320762753487
49300.000000	3732.570333480835
49400.000000	3732.680881619453
49500.000000	3738.821715474129
49600.000000	3746.063155412674
49700.000000	3749.854755759239
49800.000000	3757.175457239151
49900.000000	3764.582475066185
50000.000000	3760.464684367180
50100.000000	3773.604523777962
50200.000000	3777.244326591492
50300.000000	3789.119504213333
50400.000000	3791.484581351280
50500.000000	3796.573370337486
50600.000000	3798.963619828224
50700.000000	3799.198804020882
50800.000000	3803.640066385269
50900.000000	3814.797868371010
51000.000000	3818.254411220551
51100.000000	3821.115838289261
51200.000000	3829.527649164200
51300.000000	3836.754825711250
51400.000000	3843.153571486473
51500.000000	3845.609199166298
51600.000000	3851.971083641052
51700.000000	3856.476573824883
51800.000000	3862.447274923325
51900.000000	3863.138547420502
52000.000000	3869.341291666031
52100.000000	3874.467536568642
52200.000000	3874.952188968658
52300.000000	3879.668871164322
52400.000000	3888.615971326828
52500.000000	3895.997975945473
52600.000000	3894.958014607430
52700.000000	3897.544757604599
52800.000000	3900.788849353790
52900.000000	3905.493705153465
53000.000000	3901.209333896637
53100.000000	3915.754431128502
53200.000000	3920.753318667412
53300.000000	3923.377848982811
53400.000000	3920.888480424881
53500.000000	3927.826963782310
53600.000000	3930.615644454956
53700.000000	3934.094834446907
53800.000000	3946.796496629715
53900.000000	3947.095431923866
54000.000000	3954.762480735779
54100.000000	3957.525048375130
54200.000000	3962.308224558830
54300.000000	3968.506629109383
54400.000000	3973.812504291534
54500.000000	3979.625607967377
54600.000000	3983.322664618492
54700.000000	3988.208727478981
54800.000000	3996.055983066559
54900.000000	3996.279036164284
55000.000000	4002.876073479652
55100.000000	3999.367625236511
55200.000000	4008.893470764160
55300.000000	4011.972506165504
55400.000000	4015.420317053795
55500.000000	4019.895821690559
55600.000000	4029.030336380005
55700.000000	4029.379667997360
55800.000000	4031.094790697098
55900.000000	4035.960648655891
56000.000000	4046.165673255920
56100.000000	4047.166653156281
56200.000000	4051.958977103233
56300.000000	4060.154728055000
56400.000000	4064.772916078568
56500.000000	4071.397708654404
56600.000000	4072.395790815353
56700.000000	4076.285506129265
56800.000000	4079.749721050262
56900.000000	4085.648422241211
57000.000000	4084.900595545769
57100.000000	4085.949109911919
57200.000000	4089.396895051003
57300.000000	4095.192499041557
57400.000000	4099.277283787727
57500.000000	4098.904361963272
57600.000000	4105.968663454056
57700.000000	4109.197396397591
57800.000000	4112.521976947784
57900.000000	4124.751946687698
58000.000000	4121.635588288307
58100.000000	4126.995008945465
58200.000000	4129.942150115967
58300.000000	4133.800298929214
58400.000000	4142.511225342751
58500.000000	4138.448203086853
58600.000000	4137.651269793510
58700.000000	4147.041526675224
58800.000000	4146.853263735771
58900.000000	4157.034199714661
59000.000000	4158.376855373383
59100.000000	4165.036066174507
59200.000000	4165.329727292061
59300.000000	4171.518187522888
59400.000000	4171.463273286819
59500.000000	4178.081981420517
59600.000000	4180.139704704285
59700.000000	4182.336950421333
59800.000000	4182.532667517662
59900.000000	4180.252722978592
60000.000000	4183.182077765465
60100.000000	4186.659000873566
60200.000000	4195.949253082275
60300.000000	4199.025745868683
60400.000000	4210.870067477226
60500.000000	4207.502689957619
60600.000000	4208.390664577484
60700.000000	4205.545397400856
60800.000000	4207.601720213890
60900.000000	4208.708882927895
61000.000000	4212.260673403740
61100.000000	4212.143449544907
61200.000000	4216.518003106117
61300.000000	4221.903442740440
61400.000000	4223.461064100266
61500.000000	4222.076113939285
61600.000000	4227.636651039124
61700.000000	4231.869964599609
61800.000000	4224.973948955536
61900.000000	4228.219467997551
62000.000000	4221.192672610283
62100.000000	4230.707309365273
62200.000000	4246.065438151360
62300.000000	4241.825282812119
62400.000000	4253.914910316467
62500.000000	4247.931006908417
62600.000000	4244.868572235107
62700.000000	4255.547226905823
62800.000000	4248.581223011017
62900.000000	4255.082111954689
63000.000000	4256.596849083900
63100.000000	4257.561636209488
63200.000000	4264.961621046066
63300.000000	4266.292939424515
63400.000000	4269.492490291595
63500.000000	4270.768477797508
63600.000000	4270.755031108856
63700.000000	4275.440351009369
63800.000000	4276.753526329994
63900.000000	4273.874845504761
64000.000000	4270.113410472870
64100.000000	4270.922096371651
64200.000000	4277.894679188728
64300.000000	4275.632397770882
64400.000000	4285.151917457581
64500.000000	4280.900901436806
64600.000000	4275.359788417816
64700.000000	4280.139586091042
64800.000000	4288.087270140648
64900.000000	4282.452328205109
65000.000000	4277.363228321075
65100.000000	4285.609509110451
65200.000000	4280.211950540543
65300.000000	4279.474797606468
65400.000000	4286.401096224785
65500.000000	4287.389816403389
65600.000000	4284.317318797112
65700.000000	4284.492914557457
65800.000000	4289.067901492119
65900.000000	4282.316964030266
66000.000000	4291.280424475670
66100.000000	4287.953225374222
66200.000000	4280.553967714310
66300.000000	4288.332010984421
66400.000000	4283.638611793518
66500.000000	4289.405471324921
66600.000000	4293.551239013672
66700.000000	4293.988826990128
66800.000000	4292.284775257111
66900.000000	4291.037609577179
67000.000000	4295.976098775864
67100.000000	4286.933573246002
67200.000000	4286.032783985138
67300.000000	4285.994704723358
67400.000000	4286.764604330063
67500.000000	4286.654825925827
67600.000000	4295.934457302094
67700.000000	4290.127255916595
67800.000000	4280.665638685226
67900.000000	4279.252322912216
68000.000000	4282.292813539505
68100.000000	4282.212581396103
68200.000000	4278.699718475342
68300.000000	4284.225890159607
68400.000000	4284.863154172897
68500.000000	4281.703142642975
68600.000000	4284.894650697708
68700.000000	4277.501088619232
68800.000000	4284.220455408096
68900.000000	4283.571802139282
69000.000000	4283.318845510483
69100.000000	4280.499928951263
69200.000000	4276.541554927826
69300.000000	4273.930692911148
69400.000000	4270.366829395294
69500.000000	4262.502675294876
69600.000000	4260.384223699570
69700.000000	4260.397979736328
69800.000000	4262.243697166443
69900.000000	4260.282982110977
70000.000000	4247.201278924942
70100.000000	4253.513875722885
70200.000000	4258.309408426285
70300.000000	4255.209052801132
70400.000000	4263.728945732117
70500.000000	4248.083291769028
70600.000000	4250.611835956573
70700.000000	4259.906018495560
70800.000000	4259.964459419250
70900.000000	4253.249885559082
71000.000000	4254.767778873444
71100.000000	4251.496252536774
71200.000000	4249.297093868256
71300.000000	4251.560621738434
71400.000000	4249.433493375778
71500.000000	4249.378078937531
71600.000000	4252.139068841934
71700.000000	4260.414171457291
71800.000000	4259.867501497269
71900.000000	4255.596841812134
72000.000000	4256.533684253693
72100.000000	4262.622238636017
72200.000000	4263.501692771912
72300.000000	4257.589989900589
72400.000000	4260.702215194702
72500.000000	4261.840412616730
72600.000000	4263.856526851654
72700.000000	4259.521449804306
72800.000000	4260.568067789078
72900.000000	4265.983565092087
73000.000000	4266.737520217896
73100.000000	4263.489269256592
73200.000000	4257.016387462616
73300.000000	4254.827856302261
73400.000000	4253.964548826218
73500.000000	4249.803342819214
73600.000000	4247.725617647171
73700.000000	4254.450273752213
73800.000000	4255.205376863480
73900.000000	4254.221787691116
74000.000000	4261.302436351776
74100.000000	4254.377367496490
74200.000000	4249.514438629150
74300.000000	4250.817272901535
74400.000000	4249.675059080124
74500.000000	4250.269169092178
74600.000000	4248.285107612610
74700.000000	4250.036362409592
74800.000000	4245.442504644394
74900.000000	4252.266329050064
75000.000000	4242.478838920593
75100.000000	4250.503017187119
75200.000000	4243.771764039993
75300.000000	4246.805984258652
75400.000000	4252.305459499359
75500.000000	4252.845153570175
75600.000000	4259.833627700806
75700.000000	4258.811865329742
75800.000000	4251.350854635239
75900.000000	4258.496596813202
76000.000000	4255.995570659637
76100.000000	4255.998736619949
76200.000000	4258.476136922836
76300.000000	4257.575424432755
76400.000000	4260.670284509659
76500.000000	4254.306136131287
76600.000000	4255.237080812454
76700.000000	4259.507212400436
76800.000000	4261.267752170563
76900.000000	4262.634093046188
77000.000000	4254.539760351181
77100.000000	4264.117705821991
77200.000000	4260.793334245682
77300.000000	4263.701794385910
77400.000000	4258.709236145020
77500.000000	4261.061680078506
77600.000000	4264.591660499573
77700.000000	4255.905730247498
77800.000000	4258.969146013260
77900.000000	4254.171103000641
78000.000000	4263.267515659332
78100.000000	4257.115303277969
78200.000000	4255.541322708130
78300.000000	4264.553996324539
78400.000000	4264.657216310501
78500.000000	4260.886623382568
78600.000000	4247.975229978561
78700.000000	4257.887654781342
78800.000000	4261.417522668839
78900.000000	4260.333176136017
79000.000000	4254.339131355286
79100.000000	4254.960503339767
79200.000000	4248.380746364594
79300.000000	4253.461364984512
79400.000000	4254.819491386414
79500.000000	4254.785365343094
79600.000000	4250.828276872635
79700.000000	4258.992430210114
79800.000000	4248.965182542801
79900.000000	4263.180383443832
80000.000000	4258.877054691315
80100.000000	4258.657228708267
80200.000000	4247.735416412354
80300.000000	4259.735272407532
80400.000000	4252.137195348740
80500.000000	4252.372218132019
80600.000000	4258.055925369263
80700.000000	4257.074131250381
80800.000000	4257.660921812057
80900.000000	4265.746410608292
81000.000000	4267.023843050003
81100.000000	4263.905451774597
81200.000000	4261.514184713364
81300.000000	4274.233167648315
81400.000000	4279.330674648285
81500.000000	4278.511772155762
81600.000000	4270.822488307953
81700.000000	4270.186820507050
81800.000000	4268.236950635910
81900.000000	4264.772354841232
82000.000000	4271.082995891571
82100.000000	4272.552093982697
82200.000000	4279.351731538773
82300.000000	4280.916269302368
82400.000000	4286.996094226837
82500.000000	4274.139678955078
82600.000000	4284.335987329483
82700.000000	4289.815500974655
82800.000000	4291.487001657486
82900.000000	4294.122904062271
83000.000000	4293.369083881378
83100.000000	4297.573111534119
83200.000000	4295.333005428314
83300.000000	4303.355035781860
83400.000000	4308.440461874008
83500.000000	4324.966193914413
83600.000000	4324.529241800308
83700.000000	4321.537063121796
83800.000000	4322.655731678009
83900.000000	4331.861374616623
84000.000000	4335.196947336197
84100.000000	4332.590157032013
84200.000000	4333.711824178696
84300.000000	4341.762051582336
84400.000000	4336.526500940323
84500.000000	4336.621466875076
84600.000000	4335.294810533524
84700.000000	4342.434155941010
84800.000000	4345.985152959824
84900.000000	4349.237817525864
85000.000000	4340.665053606033
85100.000000	4349.090458631516
85200.000000	4349.901164770126
85300.000000	4362.937314510345
85400.000000	4355.178885221481
85500.000000	4361.589625597000
85600.000000	4368.714487075806
85700.000000	4359.736009836197
85800.000000	4373.621291875839
85900.000000	4384.469550848007
86000.000000	4378.668458223343
86100.000000	4381.873614549637
86200.000000	4399.743051052094
86300.000000	4393.545610189438
86400.000000	4387.916458368301
86500.000000	4390.061338186264
86600.000000	4409.893942594528
86700.000000	4396.011768817902
86800.000000	4414.140441179276
86900.000000	4419.606811523438
87000.000000	4432.088189125061
87100.000000	4430.783302783966
87200.000000	4431.058231353760
87300.000000	4436.838994264603
87400.000000	4433.999482870102
87500.000000	4437.956613063812
87600.000000	4447.020539045334
87700.000000	4461.093764305115
87800.000000	4461.835292577744
87900.000000	4452.499906778336
88000.000000	4476.281103372574
88100.000000	4474.633959293365
88200.000000	4482.368051528931
88300.000000	4470.727425575256
88400.000000	4464.967666625977
88500.000000	4466.951492309570
88600.000000	4454.812735080719
88700.000000	4482.854521989822
88800.000000	4482.809195756912
88900.000000	4484.510407209396
89000.000000	4492.381599426270
89100.000000	4494.329744815826
89200.000000	4494.216054201126
89300.000000	4497.841793298721
89400.000000	4510.685556173325
89500.000000	4523.052146196365
89600.000000	4514.818628787994
89700.000000	4517.915181159973
89800.000000	4531.498589515686
89900.000000	4524.200763463974
90000.000000	4541.369894266129
90100.000000	4558.670034408569
90200.000000	4558.530792474747
90300.000000	4545.522036552429
90400.000000	4566.439255952835
90500.000000	4554.473178148270
90600.000000	4557.670053720474
90700.000000	4581.007810115814
90800.000000	4584.098884820938
90900.000000	4574.152367591858
91000.000000	4590.917912006378
91100.000000	4587.350747823715
91200.000000	4582.519507646561
91300.000000	4607.477835655212
91400.000000	4615.856944322586
91500.000000	4611.156705141068
91600.000000	4633.544370651245
91700.000000	4647.125499010086
91800.000000	4670.764990806580
91900.000000	4662.734597444534
92000.000000	4673.029957294464
92100.000000	4657.588738679886
92200.000000	4676.558135747910
92300.000000	4679.394569158554
92400.000000	4691.225019216537
92500.000000	4703.613982677460
92600.000000	4706.507396936417
92700.000000	4720.127052068710
92800.000000	4737.637756109238
92900.000000	4758.864626407623
93000.000000	4747.181365966797
93100.000000	4740.280432224274
93200.000000	4748.017317533493
93300.000000	4745.393324613571
93400.000000	4737.036227226257
93500.000000	4743.181222915649
93600.000000	4743.075555324554
93700.000000	4749.143079280853
93800.000000	4743.607400894165
93900.000000	4736.639966487885
94000.000000	4727.181679248810
94100.000000	4725.403725624084
94200.000000	4709.292445182800
94300.000000	4712.439723491669
94400.000000	4720.637676239014
94500.000000	4729.355788230896
94600.000000	4740.530154705048
94700.000000	4762.081681728363
94800.000000	4753.005020618439
94900.000000	4783.177758693695
95000.000000	4778.282674312592
95100.000000	4783.421236515045
95200.000000	4782.073243618011
95300.000000	4783.963439941406
95400.000000	4778.434390068054
95500.000000	4790.119057655334
95600.000000	4802.478620529175
95700.000000	4803.391191482544
95800.000000	4796.681967258453
95900.000000	4792.891090393066
96000.000000	4791.803209304810
96100.000000	4788.863066673279
96200.000000	4806.481497287750
96300.000000	4790.506278038025
96400.000000	4811.851627826691
96500.000000	4827.283215999603
96600.000000	4840.185782432556
96700.000000	4864.898846626282
96800.000000	4845.579748153687
96900.000000	4834.140011310577
97000.000000	4855.582213878632
97100.000000	4865.245926856995
97200.000000	4832.645851612091
97300.000000	4862.460578918457
97400.000000	4896.935430049896
97500.000000	4923.049319744110
97600.000000	4896.287894248962
97700.000000	4884.741425514221
97800.000000	4885.147134304047
97900.000000	4894.996060848236
98000.000000	4856.708609580994
98100.000000	4849.642212390900
98200.000000	4839.733886718750
98300.000000	4871.852346897125
98400.000000	4888.052098751068
98500.000000	4893.223348617554
98600.000000	4899.057936668396
98700.000000	4829.056356430054
98800.000000	4857.604568004608
98900.000000	4887.391637325287
99000.000000	4886.863261222839
99100.000000	4916.821432590485
99200.000000	4877.509196758270
99300.000000	4925.205328941345
99400.000000	4912.849849700928
99500.000000	4935.764569282532
99600.000000	4924.396121501923
99700.000000	5092.258850097656
99800.000000	5135.704144477844
99900.000000	5316.870432376862
