1.000000	681.346674579471
2.000000	913.400294423967
3.000000	1045.057904905003
4.000000	1135.722329307886
5.000000	1211.128530301532
6.000000	1273.123543481109
7.000000	1323.904805920468
8.000000	1363.467655093776
9.000000	1402.543816385655
10.000000	1436.757361342085
11.000000	1469.644417846642
12.000000	1500.442478332960
13.000000	1529.049862032499
14.000000	1553.917244890434
15.000000	1579.669987267959
16.000000	1601.541608951067
17.000000	1621.957168017612
18.000000	1638.134872310517
19.000000	1654.889093736141
20.000000	1667.181250290721
21.000000	1682.304424447437
22.000000	1698.259767719467
23.000000	1712.138814025249
24.000000	1725.995905752928
25.000000	1737.664856738126
26.000000	1749.989764796710
27.000000	1759.340031765435
28.000000	1769.721940747178
29.000000	1779.676894519434
30.000000	1787.018759241613
31.000000	1796.437879571770
32.000000	1809.539861307687
33.000000	1818.034767144187
34.000000	1825.260166755314
35.000000	1837.627537986903
36.000000	1849.173424456172
37.000000	1853.533205599425
38.000000	1863.758196062198
39.000000	1875.684383745442
40.000000	1880.207302914451
41.000000	1884.451170914298
42.000000	1886.748283689362
43.000000	1893.387554025071
44.000000	1899.705969346369
45.000000	1906.168086586661
46.000000	1907.608471206897
47.000000	1911.131565854126
48.000000	1914.095105664313
49.000000	1924.967390227400
50.000000	1931.084555198805
51.000000	1934.945139983705
52.000000	1941.283179790768
53.000000	1943.895595640113
54.000000	1948.232831781022
55.000000	1948.538445328661
56.000000	1948.452689494077
57.000000	1957.056158293556
58.000000	1961.382953632572
59.000000	1966.332690074445
60.000000	1970.562823183488
61.000000	1975.422536860831
62.000000	1980.806844499403
63.000000	1984.845803970631
64.000000	1995.773247488185
65.000000	2000.069617843066
66.000000	2009.875372267829
67.000000	2007.495434762973
68.000000	2014.232852615043
69.000000	2015.779471051078
70.000000	2021.119690970599
71.000000	2022.198153594868
72.000000	2027.991787815740
73.000000	2030.159670214013
74.000000	2034.964970587394
75.000000	2038.490119583062
76.000000	2039.339303516164
77.000000	2046.916525223910
78.000000	2047.180007675982
79.000000	2047.652401667424
80.000000	2049.743136027385
81.000000	2057.223863392030
82.000000	2066.298526608349
83.000000	2073.337451112179
84.000000	2073.260625510497
85.000000	2070.070194546137
86.000000	2071.118059717676
87.000000	2082.312400031796
88.000000	2084.532913700655
89.000000	2088.704052399659
90.000000	2091.248810126724
91.000000	2097.186441358503
92.000000	2102.959012299305
93.000000	2100.235225117853
94.000000	2102.979008574028
95.000000	2107.209471500380
96.000000	2108.990930042652
97.000000	2112.489595515069
98.000000	2115.534033363429
99.000000	2125.390471658182
100.000000	2120.837205294900
101.000000	2118.575632889315
102.000000	2128.888728696511
103.000000	2134.557787984771
104.000000	2137.909872167212
105.000000	2139.457184543632
106.000000	2140.251445379796
107.000000	2137.936289119579
108.000000	2142.608035641269
109.000000	2146.568476165809
110.000000	2147.543385719532
111.000000	2149.174050584015
112.000000	2155.486068606032
113.000000	2160.210193461156
114.000000	2161.699549853759
115.000000	2165.229298045902
116.000000	2172.292462607703
117.000000	2174.857316249242
118.000000	2178.553609701082
119.000000	2183.123319971784
120.000000	2192.045846682182
121.000000	2199.967418651807
122.000000	2201.954792769290
123.000000	2208.262346549998
124.000000	2216.355684799089
125.000000	2217.901199333811
126.000000	2220.580844215728
127.000000	2229.069323293317
128.000000	2233.052966552212
129.000000	2235.614003713886
130.000000	2238.298936242413
131.000000	2244.581310097242
132.000000	2253.215617445195
133.000000	2256.363625855790
134.000000	2259.383728580225
135.000000	2260.994455257128
136.000000	2263.346368669786
137.000000	2268.783225189158
138.000000	2272.451039252957
139.000000	2275.588619980994
140.000000	2279.853069446667
141.000000	2283.636306854912
142.000000	2286.277503000384
143.000000	2290.005726030814
144.000000	2297.479056967995
145.000000	2292.969746605521
146.000000	2296.321035789073
147.000000	2299.247168600697
148.000000	2299.394560914346
149.000000	2302.918912008759
150.000000	2301.965960291686
151.000000	2309.150058065191
152.000000	2316.779895874691
153.000000	2321.715880604817
154.000000	2321.375494347013
155.000000	2323.842626994572
156.000000	2321.923188124509
157.000000	2328.303755015513
158.000000	2328.450101078509
159.000000	2331.317103992730
160.000000	2329.831444521314
161.000000	2327.934365613786
162.000000	2326.371393698232
163.000000	2323.878432481119
164.000000	2325.223298264794
165.000000	2322.478124629094
166.000000	2318.463989057096
167.000000	2318.041731610634
168.000000	2321.232354390326
169.000000	2318.818050790274
170.000000	2323.228201709566
171.000000	2328.354309331397
172.000000	2332.452277778080
173.000000	2329.148230502314
174.000000	2329.096009613171
175.000000	2336.158161490846
176.000000	2340.472049257916
177.000000	2338.099269470380
178.000000	2337.211771618281
179.000000	2342.853509841842
180.000000	2353.658792447707
181.000000	2349.509545528709
182.000000	2347.142785279684
183.000000	2357.216540560286
184.000000	2352.037522683413
185.000000	2360.131025629889
186.000000	2354.200138362356
187.000000	2361.859015628954
188.000000	2372.673675590711
189.000000	2378.010479073162
190.000000	2380.371260626049
191.000000	2376.344640677664
192.000000	2372.458431302486
193.000000	2373.707890686452
194.000000	2380.971917411240
195.000000	2381.858699263079
196.000000	2388.070104174602
197.000000	2386.491855899241
198.000000	2391.755817330562
199.000000	2392.335777421371
200.000000	2392.255022722407
201.000000	2394.706817611846
202.000000	2398.242299030800
203.000000	2406.786578560606
204.000000	2408.867554663573
205.000000	2418.055072109821
206.000000	2420.395979162602
207.000000	2421.023553566063
208.000000	2423.312171619462
209.000000	2422.818630172260
210.000000	2424.281926038731
211.000000	2425.814778394237
212.000000	2430.338528611217
213.000000	2427.998523669186
214.000000	2433.930096668768
215.000000	2434.627176991396
216.000000	2431.595091300027
217.000000	2433.130282114862
218.000000	2433.741977262787
219.000000	2439.765833688498
220.000000	2448.067386527222
221.000000	2446.539532559997
222.000000	2451.891336190354
223.000000	2456.634779363598
224.000000	2451.391361776748
225.000000	2447.877811618042
226.000000	2451.092502767600
227.000000	2447.179614570012
228.000000	2448.648710409907
229.000000	2454.341739803382
230.000000	2449.108765265732
231.000000	2451.837366222982
232.000000	2445.410902077827
233.000000	2450.568880555182
234.000000	2446.424539363890
235.000000	2448.779938246646
236.000000	2445.452424419014
237.000000	2446.057051107606
238.000000	2447.184635117796
239.000000	2459.671592907534
240.000000	2466.080184545805
241.000000	2475.681838314153
242.000000	2472.430207603633
243.000000	2478.382619563057
244.000000	2474.061489403664
245.000000	2478.889672426960
246.000000	2475.679058394388
247.000000	2471.708280256833
248.000000	2472.037616482699
249.000000	2470.985584020549
250.000000	2472.130209995968
251.000000	2475.558225487657
252.000000	2483.354901951647
253.000000	2488.610880933726
254.000000	2484.124406745615
255.000000	2487.756939986897
256.000000	2485.349327527796
257.000000	2483.575248119552
258.000000	2490.223294409969
259.000000	2490.385469232868
260.000000	2493.171672201457
261.000000	2497.190902648683
262.000000	2493.561126187520
263.000000	2492.112222717660
264.000000	2489.985503742984
265.000000	2497.450441849898
266.000000	2499.107395382478
267.000000	2502.703570211335
268.000000	2501.849982493757
269.000000	2505.233071648301
270.000000	2506.572875116915
271.000000	2510.295629148404
272.000000	2507.917440047993
273.000000	2506.460619577290
274.000000	2509.819855557489
275.000000	2507.348742825088
276.000000	2503.660168890605
277.000000	2506.553843191952
278.000000	2506.229752119045
279.000000	2505.428102881233
280.000000	2509.643137744508
281.000000	2519.422671348017
282.000000	2526.225623772883
283.000000	2528.886089549655
284.000000	2528.418706755794
285.000000	2528.607644077623
286.000000	2532.248453519183
287.000000	2526.663951110149
288.000000	2525.518686672043
289.000000	2532.403619993514
290.000000	2535.826714491657
291.000000	2542.126816388893
292.000000	2548.428257624972
293.000000	2547.230605919114
294.000000	2544.337584069250
295.000000	2546.716362294846
296.000000	2548.183934113222
297.000000	2557.027187644984
298.000000	2560.524818482842
299.000000	2568.239085814814
300.000000	2572.073253982206
301.000000	2575.067460487760
302.000000	2577.403786934487
303.000000	2578.219012455414
304.000000	2576.360010577693
305.000000	2572.646013650083
306.000000	2572.682180077845
307.000000	2571.672575487701
308.000000	2577.034217127173
309.000000	2577.071830429017
310.000000	2577.342488665126
311.000000	2577.422150227016
312.000000	2592.405107560407
313.000000	2589.423747765006
314.000000	2588.449987943037
315.000000	2589.954285546075
316.000000	2594.499651935905
317.000000	2589.975643314418
318.000000	2592.534502480856
319.000000	2594.167243774784
320.000000	2599.668254772281
321.000000	2594.343417077354
322.000000	2589.674727897393
323.000000	2588.688640707871
324.000000	2590.663295672337
325.000000	2597.872733412391
326.000000	2609.951574617968
327.000000	2605.015632294297
328.000000	2603.687472950165
329.000000	2602.881819344824
330.000000	2598.797674466099
331.000000	2594.234146844276
332.000000	2596.712069689020
333.000000	2600.873605662826
334.000000	2599.604931962393
335.000000	2595.598537540522
336.000000	2600.171113794626
337.000000	2602.064182630791
338.000000	2599.367879726051
339.000000	2597.071509509591
340.000000	2595.883047176765
341.000000	2589.432771891752
342.000000	2579.921084681842
343.000000	2583.933230875002
344.000000	2581.783072943661
345.000000	2582.473848333055
346.000000	2596.168573864514
347.000000	2585.069393255944
348.000000	2584.677185560507
349.000000	2573.513106248130
350.000000	2576.196140282722
351.000000	2586.752922141703
352.000000	2587.909934209401
353.000000	2584.786359153102
354.000000	2590.929966029213
355.000000	2588.140254644601
356.000000	2595.236765082416
357.000000	2601.712365957865
358.000000	2602.959967361508
359.000000	2603.212388595188
360.000000	2611.414612021104
361.000000	2612.197225280190
362.000000	2611.333021506180
363.000000	2616.257793734225
364.000000	2614.638649026962
365.000000	2616.366729395955
366.000000	2616.818253136211
367.000000	2622.705173063674
368.000000	2624.030013687334
369.000000	2625.773626150054
370.000000	2629.356684863313
371.000000	2620.782155688772
372.000000	2621.050374627295
373.000000	2621.467274648603
374.000000	2630.610309568416
375.000000	2632.720520350173
376.000000	2639.021676889162
377.000000	2640.383800527357
378.000000	2642.566993861074
379.000000	2635.442737448997
380.000000	2642.892488637131
381.000000	2653.895881624652
382.000000	2656.443579922859
383.000000	2655.729946592095
384.000000	2658.624014765010
385.000000	2660.962613707983
386.000000	2660.472550370519
387.000000	2662.508140729136
388.000000	2660.715763640903
389.000000	2659.003470304218
390.000000	2659.465174275720
391.000000	2662.529788828229
392.000000	2660.325884437429
393.000000	2654.178928399422
394.000000	2651.507414970147
395.000000	2659.367573550808
396.000000	2655.306250502719
397.000000	2654.501045988443
398.000000	2649.627527080702
399.000000	2640.553447703845
400.000000	2645.735826139033
401.000000	2650.545364247962
402.000000	2657.454633269932
403.000000	2659.958034037591
404.000000	2659.604719670300
405.000000	2659.472758524498
406.000000	2667.770372869207
407.000000	2666.439014256808
408.000000	2672.409420604890
409.000000	2676.115173081147
410.000000	2672.997877042893
411.000000	2677.988744005539
412.000000	2678.808911076827
413.000000	2684.967987907679
414.000000	2684.005380232244
415.000000	2683.097377681428
416.000000	2687.147567990171
417.000000	2687.245228138323
418.000000	2692.735227546436
419.000000	2694.789586744591
420.000000	2688.743342108173
421.000000	2690.611675352011
422.000000	2690.807242468698
423.000000	2695.315378235071
424.000000	2691.924763735871
425.000000	2694.254344272522
426.000000	2702.428251851976
427.000000	2705.078678386017
428.000000	2712.005981492417
429.000000	2706.815932233287
430.000000	2703.122211976712
431.000000	2702.657954600407
432.000000	2705.753660562455
433.000000	2711.759788845055
434.000000	2721.069849447966
435.000000	2719.907348099950
436.000000	2723.287852109112
437.000000	2728.025359476225
438.000000	2736.986944143115
439.000000	2734.602256075646
440.000000	2736.277115743054
441.000000	2740.149236605248
442.000000	2746.968932052456
443.000000	2743.573748422466
444.000000	2748.998599508763
445.000000	2753.927081307731
446.000000	2754.868431435694
447.000000	2757.317697972459
448.000000	2760.941219879496
449.000000	2760.212091721740
450.000000	2746.564478647459
451.000000	2749.190070044751
452.000000	2751.244382401848
453.000000	2756.082733776675
454.000000	2753.721392038933
455.000000	2750.725039805635
456.000000	2748.913466373873
457.000000	2739.713404654132
458.000000	2738.143547926185
459.000000	2742.481674557879
460.000000	2744.198533260867
461.000000	2745.998247206080
462.000000	2750.702577805212
463.000000	2751.644242599286
464.000000	2747.944675388731
465.000000	2756.073203396918
466.000000	2753.402243821074
467.000000	2750.221239989623
468.000000	2743.162785367851
469.000000	2741.921228254098
470.000000	2743.094634405723
471.000000	2745.664689322482
472.000000	2747.335387312465
473.000000	2741.532952775138
474.000000	2745.026083726916
475.000000	2738.896229176644
476.000000	2741.200258516801
477.000000	2745.097727681612
478.000000	2754.271694669515
479.000000	2749.274341155928
480.000000	2750.640023398504
481.000000	2751.081710676161
482.000000	2762.846799247287
483.000000	2763.609417899286
484.000000	2763.927519554221
485.000000	2762.683343354001
486.000000	2753.616450510170
487.000000	2751.336936056105
488.000000	2754.476516464951
489.000000	2756.007784161528
490.000000	2761.270793269177
491.000000	2765.494419416813
492.000000	2766.879904450674
493.000000	2759.710869760951
494.000000	2764.176746111676
495.000000	2761.709348778641
496.000000	2766.777643119000
497.000000	2763.140017109385
498.000000	2763.885911956633
499.000000	2764.061097789083
500.000000	2755.352379660755
501.000000	2749.274184775262
502.000000	2746.971504711400
503.000000	2743.025104701206
504.000000	2740.429889368294
505.000000	2747.096289819747
506.000000	2734.940138042293
507.000000	2738.903093706940
508.000000	2737.537587478859
509.000000	2745.584354954051
510.000000	2752.914858529075
511.000000	2753.505461541128
512.000000	2752.651244661283
513.000000	2757.036768659367
514.000000	2756.415273700193
515.000000	2757.686075507576
516.000000	2760.792035532446
517.000000	2765.943642574493
518.000000	2758.703449830675
519.000000	2760.663860076151
520.000000	2755.560448478020
521.000000	2747.340974401930
522.000000	2747.421628585769
523.000000	2745.097725892367
524.000000	2739.574912575335
525.000000	2732.676734493376
526.000000	2734.594361184252
527.000000	2729.268995203049
528.000000	2721.868950477918
529.000000	2725.166233305805
530.000000	2727.574042037042
531.000000	2736.183332823814
532.000000	2734.012321339120
533.000000	2724.753543238490
534.000000	2724.949831186124
535.000000	2721.438926525254
536.000000	2725.121563793713
537.000000	2729.108667016117
538.000000	2736.131391447343
539.000000	2736.068967311687
540.000000	2737.327332396526
541.000000	2747.073972722981
542.000000	2752.725028661793
543.000000	2747.623222339607
544.000000	2744.582554721390
545.000000	2743.219408116114
546.000000	2742.021202805568
547.000000	2745.776974223932
548.000000	2747.426215466287
549.000000	2741.873125656726
550.000000	2745.208254032259
551.000000	2747.880422468807
552.000000	2754.872709994714
553.000000	2760.589080157995
554.000000	2749.599090700212
555.000000	2745.575717900458
556.000000	2753.882867240944
557.000000	2757.138672187226
558.000000	2757.237314730257
559.000000	2750.987269250181
560.000000	2762.474587584511
561.000000	2753.181521627819
562.000000	2750.938909036617
563.000000	2742.430864559690
564.000000	2736.225402884695
565.000000	2740.702478762702
566.000000	2738.494486748954
567.000000	2741.888009455652
568.000000	2747.536947083339
569.000000	2745.193788030097
570.000000	2753.666322102057
571.000000	2751.600535090634
572.000000	2748.212166208948
573.000000	2752.619910582289
574.000000	2751.280338532131
575.000000	2753.069559569354
576.000000	2750.914020604250
577.000000	2741.488198421604
578.000000	2740.361086257559
579.000000	2738.410238460856
580.000000	2733.663791625630
581.000000	2739.986671297913
582.000000	2741.965956998334
583.000000	2741.628400254383
584.000000	2737.765869381008
585.000000	2744.494878407830
586.000000	2741.730432517812
587.000000	2744.259105206263
588.000000	2739.816478411507
589.000000	2743.888369818902
590.000000	2746.560650557702
591.000000	2745.583290835115
592.000000	2753.405544749941
593.000000	2747.437635981565
594.000000	2750.113887886982
595.000000	2751.093521051080
596.000000	2748.454910856992
597.000000	2752.083745513650
598.000000	2751.266314006847
599.000000	2757.435571712573
600.000000	2754.420913287395
601.000000	2751.178462137061
602.000000	2754.634512492688
603.000000	2761.154170416150
604.000000	2761.738798773746
605.000000	2758.982775987475
606.000000	2754.197303269801
607.000000	2758.985283196642
608.000000	2762.993059168206
609.000000	2766.332837392445
610.000000	2772.196016458038
611.000000	2774.277220635719
612.000000	2771.944693200785
613.000000	2777.849073996680
614.000000	2783.407584581582
615.000000	2782.704613296912
616.000000	2788.252003061090
617.000000	2789.408453307711
618.000000	2789.105314678789
619.000000	2793.023175080263
620.000000	2786.325175090547
621.000000	2786.425219779441
622.000000	2788.767417679264
623.000000	2794.387921032947
624.000000	2795.893741267049
625.000000	2811.056459691477
626.000000	2805.094172765821
627.000000	2810.312376305214
628.000000	2804.514300413939
629.000000	2806.306312986650
630.000000	2819.787517767589
631.000000	2820.177551988483
632.000000	2828.416605011516
633.000000	2840.763652723850
634.000000	2847.187408170546
635.000000	2846.790190811560
636.000000	2834.741230855594
637.000000	2829.611862122241
638.000000	2825.522203690096
639.000000	2822.561559757160
640.000000	2815.052406364528
641.000000	2815.741618813656
642.000000	2821.757221920052
643.000000	2816.825509451242
644.000000	2807.785693837708
645.000000	2802.563183232371
646.000000	2797.455313653321
647.000000	2800.421837570888
648.000000	2799.958674916677
649.000000	2797.794287761630
650.000000	2792.411412188580
651.000000	2795.290693498115
652.000000	2797.828735901014
653.000000	2802.385209250890
654.000000	2791.959821890661
655.000000	2781.394684645929
656.000000	2779.010334360733
657.000000	2776.510620565736
658.000000	2780.401358504983
659.000000	2769.149469082695
660.000000	2766.371616777848
661.000000	2765.052627388432
662.000000	2766.394661980929
663.000000	2756.687058769545
664.000000	2751.140448104605
665.000000	2747.217117623470
666.000000	2749.353188918787
667.000000	2753.006407718305
668.000000	2753.409755045097
669.000000	2758.146123626691
670.000000	2750.549370667388
671.000000	2754.458887869027
672.000000	2748.004870192861
673.000000	2748.552116444698
674.000000	2738.799565322668
675.000000	2735.804076285305
676.000000	2725.024995839325
677.000000	2728.694526482272
678.000000	2731.421060524677
679.000000	2738.257048436193
680.000000	2746.022858811222
681.000000	2738.924436909394
682.000000	2736.178741167983
683.000000	2740.746780069370
684.000000	2747.171558346337
685.000000	2743.971404886281
686.000000	2739.368659551532
687.000000	2728.565200744619
688.000000	2731.862499238370
689.000000	2740.583221805660
690.000000	2735.920418597147
691.000000	2728.489699057973
692.000000	2738.618147082001
693.000000	2736.435902162542
694.000000	2731.788113491144
695.000000	2737.681573919195
696.000000	2728.683659924471
697.000000	2722.621672308276
698.000000	2721.792156234471
699.000000	2714.397372313600
700.000000	2704.679021260599
701.000000	2707.357198277052
702.000000	2711.597573806663
703.000000	2711.510798365955
704.000000	2718.902068314695
705.000000	2717.716170169078
706.000000	2719.623024357803
707.000000	2721.633520114789
708.000000	2724.065129725015
709.000000	2714.228290084415
710.000000	2706.758343717564
711.000000	2704.583528176867
712.000000	2715.996563141132
713.000000	2709.145758511979
714.000000	2705.139939057175
715.000000	2711.938497837211
716.000000	2703.935798827108
717.000000	2703.611039587748
718.000000	2714.163555051986
719.000000	2715.439432411076
720.000000	2699.359817673612
721.000000	2703.814730970029
722.000000	2713.957882921721
723.000000	2723.064932519279
724.000000	2740.114401280211
725.000000	2753.386598910671
726.000000	2760.175567984043
727.000000	2758.883278980298
728.000000	2751.983255242070
729.000000	2762.066091655841
730.000000	2754.120951019155
731.000000	2750.898090645031
732.000000	2752.795667357103
733.000000	2743.437420398521
734.000000	2754.152723147243
735.000000	2745.105060839531
736.000000	2752.226080180524
737.000000	2752.562733535422
738.000000	2743.559163937694
739.000000	2740.983946223918
740.000000	2741.676428527659
741.000000	2753.967492500611
742.000000	2753.223284649139
743.000000	2749.414857253782
744.000000	2753.560087074584
745.000000	2750.439201903821
746.000000	2742.209863245924
747.000000	2731.901413914689
748.000000	2728.634003932995
749.000000	2732.622726287955
750.000000	2751.828738382028
751.000000	2761.406099675805
752.000000	2760.174250352429
753.000000	2756.711202761333
754.000000	2753.674330627255
755.000000	2767.507450750854
756.000000	2776.429038042173
757.000000	2776.830989281181
758.000000	2774.387219039956
759.000000	2772.402734163043
760.000000	2774.796666384529
761.000000	2778.913378369674
762.000000	2785.536478605325
763.000000	2784.605249654502
764.000000	2777.506235876412
765.000000	2786.941623557534
766.000000	2791.999166806199
767.000000	2797.805464427569
768.000000	2802.183892679663
769.000000	2813.903520534135
770.000000	2806.359517673904
771.000000	2807.471375954192
772.000000	2783.041431948106
773.000000	2780.171792382054
774.000000	2774.765912828414
775.000000	2794.971851407056
776.000000	2777.843863803893
777.000000	2783.188142739062
778.000000	2785.251986450137
779.000000	2795.958190034260
780.000000	2804.215229644615
781.000000	2796.903265768837
782.000000	2796.261932002031
783.000000	2793.565638973552
784.000000	2792.593601390719
785.000000	2789.651707799203
786.000000	2793.306374494859
787.000000	2800.401997655601
788.000000	2815.008004728239
789.000000	2826.197068069741
790.000000	2820.704870893562
791.000000	2822.035687419761
792.000000	2829.544503701181
793.000000	2837.917206300306
794.000000	2845.880015915842
795.000000	2855.239987308509
796.000000	2855.795540764579
797.000000	2856.422465752403
798.000000	2868.810633584246
799.000000	2874.482466485206
800.000000	2870.032540816348
801.000000	2873.703850033373
802.000000	2870.616741564474
803.000000	2877.932533881423
804.000000	2881.284731723979
805.000000	2889.357214377553
806.000000	2880.489121792489
807.000000	2893.955770551460
808.000000	2885.875946411019
809.000000	2880.942318719113
810.000000	2883.377400227298
811.000000	2878.858149286825
812.000000	2888.632436984364
813.000000	2909.322860948188
814.000000	2918.534114848619
815.000000	2909.626099819550
816.000000	2914.718302646623
817.000000	2913.425518572330
818.000000	2914.944379678724
819.000000	2909.699062163272
820.000000	2907.761557253398
821.000000	2897.240674351953
822.000000	2892.968140487297
823.000000	2887.626682978676
824.000000	2880.758895040024
825.000000	2887.502272191079
826.000000	2890.329276463221
827.000000	2890.357526647713
828.000000	2882.147372699372
829.000000	2879.507780346990
830.000000	2881.482000472373
831.000000	2884.157671215915
832.000000	2867.222847002937
833.000000	2850.590336157300
834.000000	2853.322243466770
835.000000	2850.666046387487
836.000000	2855.602057532145
837.000000	2853.667165341321
838.000000	2849.617006782879
839.000000	2864.924475143402
840.000000	2855.194950086967
841.000000	2847.856841673667
842.000000	2858.338756977464
843.000000	2853.194359530811
844.000000	2844.262102980691
845.000000	2849.208290526993
846.000000	2843.743537404836
847.000000	2850.327017732314
848.000000	2870.630763339344
849.000000	2859.682375765376
850.000000	2857.828912610537
851.000000	2865.603771203459
852.000000	2832.794330729783
853.000000	2851.666854490701
854.000000	2852.082920344401
855.000000	2851.978137412807
856.000000	2856.302139933716
857.000000	2857.091702548758
858.000000	2859.904850274790
859.000000	2863.680645110988
860.000000	2869.986344350822
861.000000	2847.980113804166
862.000000	2845.319685038296
863.000000	2848.242470120196
864.000000	2841.792783280311
865.000000	2856.484346643614
866.000000	2849.873198095767
867.000000	2844.122637996566
868.000000	2850.819704648689
869.000000	2847.213435428188
870.000000	2841.880533604854
871.000000	2853.333099179581
872.000000	2844.145086737408
873.000000	2852.371731101652
874.000000	2851.277185867424
875.000000	2864.403742623545
876.000000	2874.124123194808
877.000000	2893.864079825347
878.000000	2897.621788123652
879.000000	2895.617172228871
880.000000	2900.063805667189
881.000000	2896.351219128846
882.000000	2907.455693170254
883.000000	2920.959448350332
884.000000	2921.977398205549
885.000000	2935.428574475460
886.000000	2935.467574298149
887.000000	2925.045902942802
888.000000	2921.104427745595
889.000000	2917.954628934473
890.000000	2922.988358829811
891.000000	2899.950069632992
892.000000	2882.688826633646
893.000000	2869.058568824985
894.000000	2858.360075692006
895.000000	2869.809389699600
896.000000	2868.270679594134
897.000000	2858.411563262460
898.000000	2875.877679390338
899.000000	2873.571125228569
900.000000	2879.873130624794
901.000000	2885.177432089054
902.000000	2893.010136097291
903.000000	2870.207157780678
904.000000	2894.576688050904
905.000000	2888.893896147289
906.000000	2872.991167928791
907.000000	2888.688316248328
908.000000	2885.260525269492
909.000000	2907.617670810228
910.000000	2903.560438131681
911.000000	2916.252780064882
912.000000	2915.487814642693
913.000000	2907.301750332466
914.000000	2904.962464426790
915.000000	2890.304854530637
916.000000	2884.232335546461
917.000000	2876.085571570584
918.000000	2876.437770524848
919.000000	2892.090992583660
920.000000	2863.321953493840
921.000000	2853.189070036577
922.000000	2857.006477561052
923.000000	2824.618208067695
924.000000	2831.448891315085
925.000000	2849.962018563907
926.000000	2846.405841583444
927.000000	2841.698086909106
928.000000	2836.170442111761
929.000000	2851.922672563640
930.000000	2836.800347718439
931.000000	2821.298269201652
932.000000	2822.161849288270
933.000000	2825.352373101807
934.000000	2827.682193872606
935.000000	2825.700907390477
936.000000	2838.684878451197
937.000000	2842.321082862676
938.000000	2861.959628988785
939.000000	2878.475162586867
940.000000	2897.479700767988
941.000000	2903.563193693990
942.000000	2886.526013346884
943.000000	2896.769062667241
944.000000	2899.473536840291
945.000000	2910.065161973442
946.000000	2903.872375096078
947.000000	2888.382873057446
948.000000	2879.346828941867
949.000000	2873.196848227439
950.000000	2877.226937730738
951.000000	2877.637644214905
952.000000	2872.064045790408
953.000000	2885.654424830194
954.000000	2868.260634338134
955.000000	2869.508399382263
956.000000	2869.898225624813
957.000000	2858.994233415055
958.000000	2832.991387505084
959.000000	2842.549297229678
960.000000	2819.072143411002
961.000000	2802.528638084594
962.000000	2815.275786213315
963.000000	2815.101597283356
964.000000	2798.306331233267
965.000000	2791.228580599563
966.000000	2767.195077142649
967.000000	2781.337644823507
968.000000	2801.975605286629
969.000000	2773.913922763895
970.000000	2799.952133737883
971.000000	2802.996987546474
972.000000	2802.452113227861
973.000000	2770.839130871289
974.000000	2803.252155532391
975.000000	2807.928080517711
976.000000	2809.578768946783
977.000000	2832.977072663896
978.000000	2854.028467464843
979.000000	2826.854323815031
980.000000	2863.159113599570
981.000000	2915.373124995764
982.000000	2960.810873695649
983.000000	2919.198293307418
984.000000	2891.413217319146
985.000000	2917.762746971421
986.000000	2903.128696667205
987.000000	2876.615545785258
988.000000	2925.745498586766
989.000000	2972.252449054300
990.000000	2950.492920185410
991.000000	2978.306182072236
992.000000	2933.347851378785
993.000000	2987.605856066191
994.000000	2982.121214243234
995.000000	2935.612690012960
996.000000	2988.616755201161
997.000000	3005.942866323749
998.000000	3004.899986182543
999.000000	2879.402691448573
